431 273 319
84 71 225
843 967 867
747 727 150
103 311 50
568 88 874
159 595 27
853 126 481
96 942 358
669 389 707
759 820 980
77 903 50
302 746 16
168 493 742
318 596 53
367 164 141
241 322 736
267 174 861
747 270 802
105 938 191
811 697 11
790 774 914
840 75 659
856 242 152
598 560 748
650 926 911
790 167 232
526 433 406
386 180 675
188 284 612
379 95 308
389 885 81
302 724 156
961 580 398
112 177 957
860 826 883
770 616 49
1 141 481
406 527 661
81 715 944
692 93 39
1000 481 923
81 782 647
236 742 227
633 854 403
589 713 229
471 483 845
519 483 986
1000 889 512
660 969 226
604 661 318
643 660 799
566 740 581
212 976 322
439 608 176
841 197 889
69 668 371
914 187 854
899 186 743
411 846 711
637 450 372
955 92 32
753 657 772
333 869 747
655 307 354
831 147 551
719 216 218
90 129 404
943 28 590
685 438 435
396 74 884
767 29 975
799 781 631
570 114 499
316 768 805
670 598 952
220 317 168
438 406 297
841 349 324
430 34 762
864 429 836
748 196 864
722 994 644
353 563 757
852 879 525
657 548 123
608 768 439
776 205 845
72 45 194
396 475 227
157 339 656
992 86 851
855 808 845
499 161 407
255 12 286
780 668 833
902 276 600
341 51 805
186 123 850
379 518 324
606 674 663
261 666 749
112 520 556
956 19 717
363 274 728
648 53 396
480 954 671
80 295 722
885 481 845
734 859 362
58 465 36
721 725 702
469 836 222
25 791 240
741 153 513
469 801 565
864 281 519
535 361 814
256 245 294
101 979 153
463 37 617
498 757 341
200 226 176
421 250 967
660 991 120
172 459 920
737 323 200
256 857 560
69 113 805
362 213 783
514 675 819
130 173 576
471 372 801
647 792 51
613 452 41
733 624 500
652 360 822
852 616 678
412 684 790
216 46 2
999 559 676
818 689 848
393 159 219
193 806 11
243 418 462
284 150 85
783 802 445
604 654 60
282 65 744
71 281 789
73 279 348
748 96 37
596 489 195
815 682 1000
826 924 418
287 208 568
372 990 370
817 594 23
876 875 88
620 946 368
408 18 647
756 766 743
792 362 231
986 176 913
986 1 837
404 288 44
972 659 34
341 476 627
364 351 502
451 970 447
819 378 464
466 133 230
208 924 591
439 910 766
351 896 767
187 300 55
231 271 714
264 611 189
890 974 540
391 425 510
838 243 887
302 708 20
531 916 943
121 354 853
887 705 749
653 892 48
707 122 318
421 385 928
609 275 902
148 665 326
657 503 569
544 804 276
563 334 192
506 454 545
359 340 250
107 993 141
154 700 263
471 120 647
399 729 921
301 876 586
626 532 88
195 76 891
471 638 225
662 144 678
207 502 18
456 608 11
597 761 710
859 232 830
506 631 558
426 931 434
12 557 966
100 751 41
990 221 678
214 883 822
892 89 323
910 545 931
920 141 691
630 1000 923
460 505 553
18 931 484
451 942 40
416 41 791
456 31 11
134 245 894
955 137 982
277 46 526
208 966 667
898 596 666
821 55 171
374 72 101
857 522 42
897 938 83
687 393 114
698 526 358
591 481 494
572 758 540
98 965 506
764 863 101
430 683 156
600 57 227
700 913 749
742 809 686
825 496 78
938 193 604
295 783 84
789 355 842
329 453 806
834 217 668
934 646 351
89 246 407
316 946 320
64 687 129
750 512 624
828 449 816
432 744 599
516 532 953
357 860 405
162 693 622
830 627 267
181 716 512
587 31 458
907 95 144
35 844 655
659 672 104
475 103 847
73 618 378
26 975 238
430 136 931
51 966 558
318 146 273
830 733 303
287 640 398
431 675 241
86 333 913
189 807 15
35 879 633
413 904 607
650 334 743
581 385 709
138 703 854
410 533 587
713 819 226
110 250 900
351 335 233
263 523 40
278 558 918
910 970 822
517 620 156
259 200 541
967 338 243
821 748 776
407 461 594
633 570 844
533 921 178
766 184 701
805 461 258
723 371 227
544 887 846
700 146 46
240 112 383
483 933 131
258 340 591
852 972 161
695 505 81
872 270 264
573 74 725
830 796 95
56 340 982
902 39 127
947 279 239
330 762 171
460 20 510
50 871 482
210 566 986
291 438 255
555 10 329
279 839 124
374 894 463
356 796 502
482 742 781
721 71 542
891 530 561
401 580 432
882 790 997
868 80 434
122 634 444
450 913 282
574 286 176
37 641 971
538 123 712
318 843 783
860 734 313
421 135 892
852 16 681
849 883 761
283 5 394
726 455 306
7 28 592
183 65 233
153 602 356
865 920 198
648 780 932
960 200 66
852 52 82
533 900 965
293 182 970
687 907 424
993 914 452
584 96 516
817 249 118
172 114 38
370 761 817
301 721 17
367 572 68
449 105 967
413 398 149
382 84 55
806 76 969
258 660 65
773 476 314
891 647 427
928 17 188
745 317 908
761 684 480
829 133 585
795 546 982
943 928 65
998 733 141
967 990 801
31 763 276
344 653 923
771 580 939
958 325 256
865 85 940
345 913 72
929 708 617
910 651 544
975 649 277
116 615 266
916 646 28
192 989 681
114 759 261
53 717 585
308 582 670
248 926 582
319 855 290
936 765 941
479 739 589
755 855 204
21 770 849
48 961 837
729 75 596
989 127 312
573 435 893
242 682 819
824 1000 673
114 935 437
54 414 176
642 168 30
845 189 800
694 237 760
530 965 835
126 953 961
437 525 395
330 767 76
148 591 76
821 704 11
258 757 424
433 399 592
463 244 780
262 937 16
22 467 981
856 592 933
816 29 458
211 359 224
287 506 814
363 327 518
373 584 274
797 16 673
389 479 916
169 740 853
184 762 319
164 617 910
97 433 939
554 644 297
778 930 803
592 292 129
109 665 713
383 461 729
55 850 207
971 18 947
823 202 708
141 366 324
51 462 757
990 16 400
286 794 330
89 385 621
218 494 286
930 876 747
658 931 596
865 901 613
811 724 814
518 865 179
842 916 641
598 905 656
998 191 449
327 279 834
948 497 327
233 426 203
979 84 133
575 948 34
187 759 758
1 276 622
179 118 537
819 716 441
475 713 632
924 39 910
757 987 407
84 219 832
286 198 916
419 772 864
453 959 622
210 959 898
831 138 16
368 957 731
808 431 444
439 354 483
349 111 469
755 194 688
587 480 885
503 899 657
366 351 615
988 561 574
886 392 711
901 759 667
632 566 98
75 5 452
557 354 562
26 109 756
713 695 235
598 197 134
254 563 484
869 551 44
442 437 436
153 337 194
819 969 760
917 44 765
368 601 118
930 626 226
685 338 921
920 935 117
53 189 680
536 57 230
580 499 666
16 651 3
209 470 972
968 386 15
732 754 615
849 683 241
75 367 578
995 287 513
112 339 702
792 875 759
21 455 257
687 470 908
690 678 378
662 646 763
676 377 517
291 226 199
531 301 566
109 295 852
622 407 191
323 198 65
81 219 520
338 906 989
246 595 667
623 256 312
385 932 689
902 223 915
100 753 215
666 861 510
518 483 916
708 805 113
773 886 332
292 223 237
281 468 832
948 90 88
260 475 20
948 376 242
862 476 994
77 141 855
586 658 338
501 366 142
614 138 27
945 430 250
182 711 718
14 658 808
101 917 283
121 865 658
362 727 134
356 803 275
211 388 932
548 889 298
690 502 436
717 447 866
966 629 576
684 642 234
491 743 151
773 863 15
431 225 741
564 580 544
839 791 931
770 338 819
68 27 321
504 743 768
369 709 396
944 392 38
178 883 781
328 656 643
342 87 868
83 651 447
626 489 237
557 259 575
376 326 602
697 829 345
464 198 53
860 141 445
897 319 328
678 646 983
320 988 70
188 70 720
634 696 208
871 253 466
446 628 792
47 324 621
391 788 818
444 647 959
889 544 277
216 221 922
199 541 909
268 728 979
987 362 675
195 233 927
661 678 554
452 725 878
73 116 665
890 560 311
849 448 855
125 663 75
47 862 616
956 129 343
935 116 704
609 310 937
535 971 614
89 423 339
966 495 455
631 385 14
942 233 461
796 357 124
871 404 985
486 359 114
828 293 229
532 902 539
468 436 509
82 525 931
421 490 426
875 121 810
888 62 42
349 857 399
473 727 802
457 213 161
571 41 454
800 572 355
338 40 791
847 122 315
778 542 805
203 417 925
12 305 986
54 653 843
452 125 570
254 582 782
415 152 822
868 951 394
223 289 434
13 136 555
328 913 97
133 116 513
58 128 818
44 181 470
886 633 595
456 887 176
238 301 328
59 169 279
453 391 568
886 404 703
441 732 616
538 865 731
51 922 859
868 965 39
337 851 672
931 307 559
107 544 859
434 603 28
713 55 418
280 941 822
982 382 554
598 919 418
328 969 340
187 836 305
225 173 155
897 104 462
455 211 5
314 645 607
341 357 662
759 636 603
581 618 984
134 215 902
552 543 871
891 729 707
195 954 879
350 850 983
811 305 193
815 618 837
422 958 193
84 717 829
687 297 446
670 431 661
572 982 203
443 872 932
149 67 885
28 416 735
10 226 39
203 41 657
39 463 615
232 547 331
60 233 628
506 903 58
166 475 40
369 917 911
300 66 978
185 93 393
919 103 619
958 306 660
615 344 122
229 576 668
560 636 901
188 141 804
245 307 278
284 676 195
195 975 260
172 160 353
565 79 456
183 36 761
842 651 105
964 879 681
632 439 316
533 626 457
336 871 764
613 155 439
808 350 414
67 522 573
420 86 651
876 269 687
636 111 337
741 75 216
421 706 655
737 238 280
194 574 151
957 186 305
396 993 654
809 60 175
381 480 261
32 355 530
718 991 640
55 731 714
271 152 420
925 889 658
205 82 231
355 39 416
660 434 409
314 242 469
489 623 948
749 654 303
279 372 293
918 426 24
632 696 175
51 621 64
709 825 145
939 180 183
355 839 616
764 152 858
232 641 480
180 389 133
482 668 505
774 585 930
797 217 626
972 268 247
36 976 71
180 914 250
363 268 89
979 32 241
836 263 881
316 442 270
449 923 937
953 697 522
883 494 738
509 466 5
755 501 980
825 681 894
75 44 162
163 22 193
403 858 456
284 173 897
553 621 820
489 574 517
10 456 10
747 964 476
752 718 976
732 543 657
625 617 700
787 779 721
979 182 579
435 465 751
331 17 372
151 506 945
667 516 401
677 262 364
152 14 82
127 745 624
784 370 240
483 156 19
203 135 201
781 569 666
532 900 682
904 50 188
848 717 703
249 393 965
612 544 978
694 671 723
317 454 92
557 936 248
575 139 382
776 920 951
441 451 851
123 354 900
310 202 617
13 450 9
977 62 553
954 755 223
676 72 677
768 628 613
15 202 751
397 978 670
348 418 121
198 540 475
98 849 677
714 861 127
723 838 188
275 792 943
498 468 14
174 235 641
786 250 843
537 646 820
207 994 237
328 191 777
802 289 626
479 2 487
605 724 324
793 999 115
735 496 582
749 670 817
390 455 66
233 992 712
52 199 705
289 526 896
66 328 184
691 806 185
177 410 909
500 203 907
615 937 403
197 686 72
13 75 527
79 307 518
791 359 716
495 648 242
390 714 569
573 404 374
758 580 784
667 80 986
574 695 923
976 891 609
48 904 683
574 983 990
92 773 349
808 268 997
49 657 711
617 230 114
991 988 694
775 654 774
761 228 468
683 204 359
291 251 263
974 824 245
964 915 18
313 723 285
310 771 941
20 388 171
133 379 158
827 153 812
600 913 39
68 596 242
426 886 492
688 860 316
933 823 231
950 136 953
234 445 724
175 464 111
345 597 489
503 423 642
314 23 554
353 90 150
594 516 35
86 204 895
402 136 718
632 86 853
585 320 298
308 494 761
419 839 358
908 342 781
549 655 803
103 8 893
252 601 409
287 687 612
181 89 748
899 721 834
751 305 153
48 613 647
809 32 486
167 939 827
947 488 481
750 591 489
642 843 89
51 130 776
662 311 864
410 209 584
243 960 889
395 7 502
42 816 533
527 982 472
353 928 960
834 678 551
322 319 393
411 370 523
187 31 833
51 440 42
634 683 1
523 77 8
25 119 823
557 645 804
29 998 732
988 831 409
539 153 728
932 563 97
454 750 128
287 800 568
328 434 250
328 956 327
335 980 445
157 537 89
961 566 87
693 554 917
101 92 70
829 23 633
926 476 382
53 762 181
620 90 614
869 417 570
195 752 550
639 909 86
728 869 651
814 561 204
731 662 296
800 490 318
432 416 794
813 468 556
994 87 645
607 956 62
176 150 813
725 789 721
811 517 590
462 330 150
666 61 812
961 861 302
279 293 717
72 106 184
627 99 271
272 706 226
333 881 376
145 606 164
866 417 680
455 878 10
604 543 70
416 504 931
717 782 223
433 854 328
617 480 427
887 752 132
113 84 12
488 229 618
651 94 34
331 548 912
340 152 455
410 567 958
340 283 740
563 716 593
890 333 73
316 219 824
448 331 907
459 819 135
77 469 228
110 799 776
21 139 927
475 548 493
433 888 776
172 450 491
764 340 823
837 656 42
660 103 373
566 562 191
701 638 660
929 748 458
704 769 597
630 244 144
123 676 31
898 848 481
389 612 820
212 448 475
254 107 577
626 673 138
817 374 775
477 302 522
934 6 291
531 636 534
674 759 210
705 656 57
185 45 669
4 256 116
478 510 223
55 136 895
192 952 268
967 428 570
489 362 576
779 892 212
313 566 970
522 270 625
579 455 670
247 459 925
363 936 434
585 991 570
479 182 521
747 148 949
317 636 311
893 415 203
104 727 768
73 248 38
698 827 493
367 73 951
291 435 886
725 20 877
294 499 58
815 246 206
764 562 842
74 454 256
277 557 982
45 630 230
82 327 57
574 693 129
524 984 564
410 708 583
286 2 82
344 817 327
550 580 888
391 654 342
646 931 899
628 975 528
858 56 854
914 630 547
43 154 530
607 564 238
190 850 240
271 193 56
597 742 636
485 133 290
826 778 220
725 406 194
253 264 250
107 178 879
653 220 33
182 826 596
420 16 445
659 286 638
714 882 380
350 366 512
639 192 290
859 916 696
52 168 959
301 274 136
180 927 356
212 108 182
808 527 197
252 186 482
890 899 364
269 249 730
781 888 921
70 746 837
765 797 5
724 98 279
859 277 205
215 489 313
396 296 840
592 548 25
74 437 924
438 705 172
167 486 59
88 555 804
925 320 601
929 43 698
208 902 974
412 116 462
724 512 758
563 103 305
588 177 741
511 614 446
682 780 931
741 868 485
545 792 805
145 720 847
842 927 748
816 339 864
277 63 375
34 626 478
338 213 654
79 723 268
524 405 48
454 145 915
939 689 706
743 834 426
590 675 353
338 490 692
201 767 754
576 801 379
54 139 592
708 217 315
975 741 719
22 195 864
937 134 553
642 876 386
68 466 61
420 803 550
111 4 317
865 579 117
244 632 256
835 339 472
149 314 213
868 335 407
732 271 540
285 913 416
670 980 881
730 400 683
280 511 687
596 375 265
713 619 897
968 453 236
440 602 549
652 470 884
59 201 155
598 486 67
13 155 47
894 885 447
577 165 957
263 761 332
528 474 950
424 441 403
660 881 5
208 533 474
92 591 675
246 189 160
313 202 315
359 95 200
805 671 364
762 934 125
93 461 598
42 885 39
445 544 920
449 752 452
922 844 42
597 89 230
757 401 431
71 760 526
271 565 197
634 326 130
759 419 590
357 461 475
395 905 19
315 353 770
766 275 614
808 872 702
38 628 103
469 698 863
994 968 427
191 602 753
320 361 171
910 717 631
384 112 535
403 426 888
173 192 162
786 999 33
487 36 661
590 505 359
452 499 327
879 689 929
631 8 289
801 917 6
432 301 117
966 703 542
854 876 733
16 661 732
49 147 768
709 737 272
67 188 770
393 66 458
321 697 466
610 498 383
615 929 683
731 895 386
273 748 261
6 763 922
738 811 69
505 520 805
777 586 993
546 979 59
4 300 755
469 909 252
851 523 180
534 254 75
920 527 822
181 533 585
102 270 396
170 775 915
975 551 501
967 96 479
25 100 779
780 569 687
32 420 210
211 954 464
285 873 990
107 54 523
691 156 792
87 326 567
1 300 117
501 267 213
980 292 312
758 72 880
445 103 299
655 313 253
118 598 125
108 705 179
630 395 334
422 481 660
988 482 960
104 983 226
317 963 518
628 720 589
508 165 691
807 819 4
59 936 602
184 44 306
363 673 701
697 95 181
356 83 663
315 187 645
541 503 607
59 131 327
647 638 491
338 445 309
341 504 245
943 687 288
248 49 961
948 745 56
129 101 138
791 416 324
436 957 826
42 15 956
369 662 594
859 999 39
168 340 542
413 282 229
701 529 277
661 477 22
717 605 123
854 395 538
178 830 494
3 872 509
959 241 170
553 99 169
591 267 508
133 680 790
361 380 319
638 41 795
659 757 399
782 611 794
320 788 624
813 791 496
322 749 736
491 302 835
660 893 102
167 25 781
957 385 161
275 22 201
70 681 958
468 462 568
262 781 355
886 594 145
381 915 894
116 406 195
951 65 88
52 232 112
833 189 496
993 463 518
193 533 198
151 1 660
718 262 441
72 147 35
216 528 950
110 644 355
305 594 420
392 646 651
503 478 839
999 470 302
516 663 834
714 813 834
373 530 96
814 602 243
848 818 770
797 927 413
151 231 6
571 622 651
222 124 129
61 123 598
362 638 260
196 351 73
30 724 602
125 537 204
367 384 21
137 181 947
549 331 177
555 902 799
206 123 922
334 183 45
931 544 682
191 740 33
264 770 757
866 894 293
69 261 677
89 397 857
35 946 188
212 500 89
10 705 211
932 38 393
976 969 937
658 160 677
690 423 446
446 288 340
739 357 601
415 445 998
272 480 943
459 691 443
548 700 147
758 632 185
151 607 154
88 264 313
764 954 736
210 399 24
549 138 380
150 552 824
147 824 303
89 282 994
532 830 693
678 588 324
863 738 931
16 826 194
329 590 147
64 799 546
88 348 683
467 497 235
291 643 58
594 732 340
587 263 170
279 941 757
603 804 494
534 819 320
727 148 909
874 212 707
420 299 54
103 766 551
338 56 193
395 649 925
735 235 188
904 514 129
661 117 932
154 650 751
474 377 898
382 251 110
88 670 408
142 773 174
692 110 229
885 505 878
810 240 112
997 144 626
126 804 742
57 957 392
808 430 768
705 812 18
815 899 688
223 40 461
396 732 570
624 616 75
502 426 314
613 422 457
239 548 260
981 604 217
372 411 647
139 116 458
157 931 357
845 153 397
306 548 128
875 172 744
950 673 169
263 286 591
719 524 138
979 505 741
195 876 152
842 15 268
299 172 198
655 17 350
51 322 898
179 197 69
922 146 742
90 408 27
681 127 551
818 105 55
559 300 931
711 141 945
978 440 117
176 94 133
525 145 454
423 323 650
491 244 795
233 334 203
260 14 330
810 831 435
865 390 734
796 100 875
741 77 314
857 252 408
990 777 553
443 199 875
93 690 119
888 923 452
91 182 466
420 992 297
854 857 686
588 652 785
462 393 862
776 249 114
184 239 890
736 682 89
611 774 779
729 662 701
181 752 883
646 171 874
942 25 730
627 612 382
412 74 774
273 850 23
386 34 261
276 769 942
365 380 715
143 108 377
844 288 128
726 934 299
599 875 323
329 502 935
710 913 9
483 186 858
505 571 891
765 847 660
707 211 39
422 353 147
798 197 434
925 922 367
224 521 242
546 849 744
481 558 656
489 41 842
347 546 412
238 311 259
897 17 469
936 438 822
82 235 18
516 160 940
883 383 460
125 929 309
868 410 867
524 898 907
365 244 453
777 482 763
35 379 779
503 314 217
324 396 451
341 912 611
281 794 994
740 919 922
48 786 332
915 309 229
821 673 473
273 450 954
36 484 332
814 986 646
31 310 42
482 651 953
92 931 747
85 671 665
7 718 451
338 632 759
567 453 432
40 726 881
994 761 365
326 575 350
971 605 660
13 87 310
965 178 241
712 263 911
376 270 629
826 608 261
585 174 713
16 214 439
897 207 200
261 532 775
611 503 380
270 515 466
580 480 644
820 191 906
730 567 175
359 393 782
619 977 956
331 993 169
770 889 376
970 150 908
744 760 411
124 30 926
589 609 405
232 429 596
138 159 162
312 517 554
94 135 531
50 466 523
218 236 412
594 205 561
501 948 321
911 71 350
836 660 959
241 891 388
837 28 547
998 340 64
552 434 198
83 483 664
606 701 899
17 294 103
578 795 51
898 706 122
248 542 781
207 782 672
594 618 700
141 616 40
204 168 473
401 251 956
65 856 656
964 872 950
66 450 744
117 347 449
239 595 991
20 801 772
692 395 390
392 535 6
431 739 174
904 140 424
859 204 279
515 167 151
464 233 600
208 350 947
657 588 541
647 608 342
419 299 737
809 690 272
814 121 10
988 24 149
411 883 353
690 397 520
840 861 752
439 69 102
386 725 689
927 371 296
269 790 595
5 598 284
277 412 404
287 399 428
436 810 310
788 499 707
308 339 568
59 778 636
160 163 360
849 89 731
145 358 520
739 362 118
22 639 529
426 926 928
853 361 738
163 149 236
869 456 574
436 515 352
72 675 514
431 523 603
161 667 960
681 406 322
799 428 961
327 853 886
255 706 247
992 868 395
228 737 851
802 173 365
153 244 40
667 675 562
269 836 229
229 516 635
550 314 62
511 641 914
396 896 620
642 887 487
37 115 224
888 916 396
253 68 640
292 734 314
854 3 149
83 231 665
717 781 979
778 291 620
692 687 515
311 329 402
798 365 516
21 253 431
417 505 499
56 796 233
370 650 235
518 732 466
182 448 246
160 226 537
779 918 223
294 228 551
695 26 916
211 47 169
642 463 673
140 519 469
372 888 118
607 406 850
72 588 297
318 748 523
854 527 440
77 820 668
628 515 693
544 725 739
712 366 202
384 506 721
853 878 609
970 484 14
819 556 601
116 873 348
639 727 874
78 803 694
745 431 208
438 974 932
177 685 298
378 69 803
99 921 680
707 891 164
720 710 719
321 826 592
669 464 318
543 541 121
236 286 551
444 723 525
376 899 210
673 277 278
476 375 199
156 81 90
319 801 799
38 122 625
629 790 88
946 333 628
67 568 914
617 11 636
141 386 535
350 59 812
628 535 186
827 690 267
916 9 68
715 46 190
339 675 980
426 621 312
54 687 879
967 303 890
603 444 276
137 794 335
948 422 869
134 248 559
401 163 567
469 878 613
658 217 287
637 642 907
949 696 593
828 662 896
717 265 340
993 401 133
328 349 554
197 483 801
755 884 964
321 353 842
933 11 58
220 648 700
126 596 395
719 423 57
614 140 321
953 133 722
85 460 71
639 656 553
440 410 437
403 731 789
245 664 800
302 883 447
1 8 42
396 726 464
452 340 603
773 292 735
494 377 195
564 15 851
117 455 261
553 857 991
342 102 654
141 403 537
587 404 545
629 800 270
92 251 610
695 24 901
430 517 278
625 81 293
475 197 747
735 750 604
725 92 705
379 232 108
915 819 512
459 448 311
729 539 562
339 234 585
240 663 101
517 287 181
810 761 378
556 496 127
160 220 218
864 599 450
972 514 269
483 973 716
793 702 255
354 40 488
938 279 151
39 796 438
220 605 199
597 160 694
723 320 914
941 184 512
391 155 26
660 637 998
375 430 700
630 784 739
118 722 18
268 760 813
705 979 417
904 575 577
597 298 896
510 239 79
22 629 234
48 289 871
45 664 300
745 293 84
483 410 805
500 678 564
313 383 543
730 286 118
306 883 415
202 393 654
281 415 283
514 462 571
384 507 234
683 251 527
766 734 937
571 234 614
134 546 997
677 275 282
794 581 165
209 782 557
862 62 971
144 575 433
715 958 939
948 641 190
475 407 923
411 977 156
25 111 701
21 787 976
303 580 556
467 788 337
24 650 399
995 794 973
427 508 931
365 456 572
555 930 978
477 341 955
632 365 65
333 385 851
308 688 431
864 155 219
201 178 868
599 172 661
571 599 169
502 964 624
73 518 553
50 994 893
4 626 258
69 958 643
920 266 330
350 130 484
569 330 662
436 928 834
97 499 432
265 1000 395
889 72 913
442 122 906
335 126 532
592 194 490
234 113 755
564 463 884
47 31 213
709 467 141
542 564 639
974 829 638
368 717 710
281 158 831
186 493 956
718 84 150
207 318 263
961 881 725
845 928 755
58 637 221
198 178 785
836 152 613
474 520 329
183 800 487
14 986 979
970 703 63
119 909 381
381 870 262
106 715 190
860 772 826
81 970 4
865 806 155
477 279 674
806 462 473
292 475 458
271 444 160
334 563 69
714 944 938
975 49 652
164 909 424
989 989 393
992 854 198
146 331 476
820 136 937
292 428 412
749 698 856
909 31 418
977 745 362
915 719 410
566 883 318
989 871 307
381 863 160
579 9 491
55 828 626
991 120 53
403 868 751
258 777 782
676 754 527
37 668 245
447 233 128
765 222 998
71 603 861
231 181 870
721 235 697
347 226 816
400 628 684
151 886 461
932 561 214
458 598 881
703 44 114
830 808 335
828 879 938
689 109 118
558 830 353
255 176 578
71 575 206
755 725 92
215 657 653
428 115 250
309 818 294
422 648 102
757 475 980
694 163 89
812 721 918
164 975 94
742 46 668
948 800 393
39 14 50
691 442 164
941 750 981
234 171 628
335 928 103
315 621 266
403 432 987
321 596 961
414 337 6
82 284 806
475 322 819
524 13 260
688 953 9
668 186 180
296 521 107
399 836 728
665 238 159
651 559 755
611 973 91
617 54 375
422 529 697
241 52 709
501 739 661
509 407 847
689 703 367
796 101 202
523 766 440
682 416 999
436 27 971
527 644 25
901 66 553
598 306 605
306 806 343
967 315 750
813 4 452
180 799 553
382 321 318
821 3 733
820 438 760
790 965 403
814 866 468
367 463 773
971 769 579
314 735 894
63 547 897
514 727 695
67 108 16
384 928 18
117 747 456
876 537 421
278 351 286
746 717 749
519 688 517
97 1 251
990 63 798
887 577 524
581 643 631
597 27 559
615 144 306
70 19 842
491 297 193
776 42 909
524 560 597
40 657 597
291 647 660
88 533 237
612 114 879
242 710 906
800 325 49
106 395 68
948 885 365
140 660 407
49 184 966
645 224 623
242 514 269
901 602 801
137 213 915
16 454 625
922 254 949
971 359 343
38 306 227
403 446 886
809 494 70
774 138 293
397 380 806
665 280 407
466 417 620
380 433 74
4 354 327
953 324 686
295 362 992
521 764 437
407 572 930
476 346 68
768 743 447
574 407 727
981 873 144
600 253 576
673 257 930
1000 209 254
686 503 616
677 24 380
114 430 951
44 906 297
111 674 39
558 248 446
284 228 319
428 828 571
4 501 827
934 501 36
187 186 538
803 863 562
182 976 992
133 19 897
430 130 571
468 687 818
914 971 46
232 398 873
802 402 374
629 335 874
664 522 59
202 324 922
763 505 897
755 638 915
651 67 44
222 535 731
39 448 701
84 679 99
957 481 500
330 110 834
204 773 355
263 975 679
184 738 184
80 492 821
995 143 887
39 364 421
769 403 869
470 486 548
569 443 28
69 773 138
902 976 910
257 238 885
936 422 622
119 502 113
939 496 255
825 535 619
246 304 21
114 774 507
661 342 950
689 410 722
826 312 698
736 569 936
620 504 357
242 622 858
355 560 354
610 385 888
228 631 191
249 744 964
755 405 306
704 94 715
425 919 27
123 655 595
58 275 99
414 516 720
272 871 280
625 480 664
513 707 295
704 955 38
668 710 443
973 413 536
688 838 455
715 960 109
309 18 384
407 431 900
127 703 770
406 327 249
70 840 956
364 543 911
402 211 621
844 183 34
380 871 871
834 585 831
943 894 848
326 301 279
225 428 981
994 833 308
243 903 148
199 267 690
110 669 900
730 513 83
763 892 954
634 726 539
465 668 432
313 993 733
592 217 160
573 211 992
880 454 895
27 652 162
717 761 831
617 491 343
700 253 235
653 887 960
191 351 627
623 663 620
355 254 837
514 827 47
506 706 501
401 733 153
562 450 913
393 67 404
735 766 656
970 419 543
929 610 893
556 232 556
175 586 810
11 100 636
58 605 342
558 5 75
710 567 524
623 959 591
26 694 356
682 663 775
224 592 384
117 147 616
672 321 202
482 331 301
117 388 905
458 946 910
533 655 477
56 277 436
646 303 129
2 984 792
777 208 383
160 324 529
775 996 850
976 477 181
277 594 568
181 52 514
91 584 168
568 640 445
3 286 748
132 287 732
924 63 939
306 223 263
835 998 259
685 973 736
865 249 329
433 430 380
946 521 964
114 88 603
558 91 888
305 223 175
36 146 238
975 452 461
238 287 458
496 971 431
231 835 679
560 268 109
939 213 630
903 326 718
505 884 808
393 189 31
567 225 176
805 200 627
265 437 913
722 932 884
152 163 719
831 722 986
940 661 198
569 563 524
287 68 408
94 460 597
124 27 821
300 831 20
927 96 456
840 818 388
723 970 551
441 801 273
426 740 933
624 309 496
148 595 564
556 689 23
152 813 49
972 113 880
992 39 976
448 878 793
836 600 762
386 41 562
658 466 302
591 90 611
87 237 206
650 793 894
673 944 707
722 915 819
601 907 858
577 354 735
369 190 335
131 575 375
693 233 841
994 824 930
605 911 167
810 560 959
704 232 902
410 953 817
229 554 724
86 130 77
820 499 267
154 629 841
529 321 74
369 315 898
298 920 808
465 729 367
424 432 599
325 842 552
142 70 105
866 156 235
943 976 733
209 130 362
49 658 683
123 26 998
20 324 917
827 789 645
194 212 77
792 537 919
343 679 988
447 544 144
682 486 119
414 694 248
776 743 905
458 865 931
455 884 255
371 711 43
16 904 255
92 695 791
10 38 469
998 485 13
141 166 498
260 580 191
507 355 933
412 812 798
343 266 682
597 637 392
640 652 296
894 744 991
685 754 28
154 752 512
166 893 678
663 152 257
854 659 611
787 70 423
584 413 689
266 10 325
657 650 976
953 543 720
943 228 473
971 381 224
483 546 116
160 209 268
416 62 926
27 849 996
449 432 408
137 697 417
461 354 66
437 307 609
157 250 837
629 220 217
853 702 763
969 861 972
236 277 33
161 303 882
156 752 314
564 888 10
981 349 364
47 786 671
655 942 920
491 571 139
708 424 841
470 392 701
442 628 977
474 789 280
356 945 31
669 508 919
679 489 268
43 535 53
713 190 995
632 681 566
771 388 989
611 858 381
311 299 9
288 773 797
567 128 742
598 796 249
516 475 738
783 517 272
836 229 461
830 860 141
396 630 528
385 240 386
766 551 684
774 838 457
571 405 585
312 3 380
561 519 855
298 301 371
569 137 599
29 967 458
170 362 88
698 746 328
83 511 878
767 285 716
223 855 121
807 166 123
187 727 641
41 24 942
411 592 78
10 621 45
468 790 406
555 487 152
883 570 663
760 336 947
476 559 802
597 366 968
720 552 694
360 593 717
302 4 309
380 13 929
424 480 719
830 35 206
982 917 775
645 677 110
591 152 669
393 749 34
360 468 586
53 828 178
769 129 182
77 509 194
6 933 674
724 763 709
930 744 625
704 388 301
814 979 453
482 371 201
515 730 669
101 783 496
278 551 624
460 628 133
654 633 65
327 357 828
36 286 571
660 990 959
961 803 938
414 285 308
615 800 38
283 900 820
778 178 371
402 637 998
534 290 631
599 617 988
426 652 273
997 312 262
956 273 65
893 686 349
201 300 148
238 583 48
58 360 225
428 762 861
426 296 151
57 894 768
44 320 419
317 317 731
579 272 3
643 164 688
992 364 988
140 602 571
187 659 931
411 87 692
272 513 987
423 569 881
190 613 201
608 929 517
339 508 788
341 150 952
28 141 316
16 281 917
586 467 576
516 877 663
208 149 175
194 571 744
75 760 357
275 368 286
792 706 793
580 46 942
532 74 83
847 90 363
763 675 830
339 191 706
1 398 855
175 592 425
919 667 185
275 942 552
560 733 258
352 313 304
294 844 378
377 690 467
740 453 142
569 791 333
275 791 730
129 966 322
554 884 988
739 159 929
290 718 662
548 70 974
852 363 817
229 740 506
696 479 958
837 48 748
169 323 539
899 452 504
221 5 388
209 743 546
137 33 263
799 581 332
772 432 695
588 661 435
94 356 913
52 192 961
800 361 283
338 260 734
842 481 739
229 689 482
774 825 514
37 624 95
369 395 526
64 983 186
498 76 542
411 128 733
371 927 94
653 264 354
387 106 834
125 334 522
606 108 347
120 144 970
214 513 365
740 576 347
926 73 423
467 483 550
200 854 477
293 506 741
647 892 846
480 17 179
2 622 286
349 741 430
318 955 942
682 694 518
29 619 591
452 85 74
2 284 927
478 577 433
218 223 325
63 703 341
242 705 962
528 53 703
957 371 657
899 52 351
417 81 969
7 532 54
80 533 337
6 10 914
438 228 137
762 291 840
103 532 544
65 60 596
768 17 967
424 915 19
774 331 99
743 338 631
796 417 163
133 423 173
46 860 401
183 622 691
22 725 223
566 789 282
161 556 298
128 980 213
146 754 544
244 496 881
874 292 297
37 424 720
210 470 580
611 652 202
301 674 926
524 239 715
805 400 271
102 527 250
314 672 4
858 916 500
738 790 791
35 826 215
754 36 684
333 646 336
534 947 9
460 470 247
174 275 647
444 376 173
694 690 844
698 547 760
197 285 549
988 319 375
202 73 410
885 405 56
221 939 3
229 399 473
476 572 747
122 16 123
295 710 812
138 408 359
897 604 643
446 591 962
820 792 34
230 677 439
285 897 378
288 126 776
760 602 348
506 723 364
629 17 74
440 155 481
799 52 84
442 497 675
403 316 467
437 545 143
875 830 40
252 117 166
27 877 767
375 383 489
738 11 506
811 451 661
291 249 713
375 691 209
49 93 525
515 529 70
658 404 900
698 655 17
863 682 893
629 56 276
118 794 286
623 604 737
284 894 986
996 268 676
205 317 769
729 832 298
799 489 701
698 187 356
714 49 38
607 678 94
882 795 887
168 418 490
904 701 384
889 697 651
565 901 968
333 630 799
630 428 288
331 126 474
687 839 523
724 446 200
817 328 995
704 495 412
193 399 113
576 287 809
227 852 710
194 184 339
993 814 766
280 144 891
754 831 730
276 554 176
475 371 503
469 74 998
881 267 396
994 843 683
802 69 534
512 263 717
850 255 531
616 535 674
507 288 505
236 563 58
411 38 429
914 507 503
911 388 770
306 381 612
988 183 680
522 694 943
238 544 197
768 159 732
442 665 19
946 901 582
4 312 620
433 225 127
936 136 514
705 441 895
316 429 77
996 950 771
938 188 314
135 956 472
866 398 137
885 344 37
467 348 348
86 781 573
213 716 708
726 420 149
621 736 578
698 731 528
468 668 715
782 803 671
254 669 69
390 553 412
427 19 760
775 105 540
347 317 255
55 43 675
204 664 410
781 361 140
308 829 808
23 610 610
694 863 278
762 253 831
174 679 850
933 453 955
472 800 272
727 855 314
401 58 978
811 838 338
950 146 166
758 168 776
367 862 639
645 623 891
476 796 569
325 729 22
280 201 822
551 927 676
864 328 733
842 138 571
179 88 716
345 845 884
120 212 745
759 857 368
649 332 164
218 657 892
240 936 92
61 486 19
736 350 346
468 191 484
39 370 571
754 714 415
638 834 627
383 592 483
751 241 814
914 458 471
805 697 406
897 758 891
915 493 241
261 961 431
744 999 800
315 753 514
730 391 348
356 773 940
838 523 180
652 437 638
122 242 335
528 138 92
419 53 585
659 314 545
90 57 544
890 372 297
403 101 687
751 456 460
690 294 983
870 946 420
508 68 661
843 595 799
934 14 852
519 672 165
64 762 222
607 651 593
904 54 693
591 805 149
51 494 443
34 364 389
453 871 456
113 713 51
912 647 64
763 165 736
927 229 498
148 835 148
741 739 202
434 329 6
582 379 500
25 412 863
413 864 734
868 977 447
919 888 93
983 650 258
718 577 486
216 725 321
364 465 59
565 898 388
570 480 766
70 504 178
932 917 42
666 784 18
112 703 906
205 685 556
462 403 133
948 618 857
269 981 322
327 545 219
714 115 699
480 184 203
657 116 119
699 782 902
717 893 605
622 97 289
178 559 691
310 506 308
166 775 288
487 101 833
706 815 948
405 295 132
607 952 247
725 650 28
627 366 921
231 988 17
519 165 576
209 474 82
517 640 856
805 127 957
637 832 771
584 236 66
716 843 17
963 567 666
990 194 32
911 424 19
928 943 184
503 152 657
585 668 297
440 472 423
396 109 255
167 693 491
232 408 333
249 370 900
915 360 93
946 270 517
965 197 459
148 700 610
805 284 277
102 724 749
524 119 858
779 286 550
269 518 958
601 766 327
501 681 687
593 626 957
109 591 154
567 739 853
177 544 137
454 645 860
202 168 979
60 946 265
609 215 782
567 816 548
893 316 228
580 908 854
536 17 445
689 584 183
542 760 726
678 213 370
538 415 538
516 474 484
780 83 698
562 649 513
110 542 828
337 121 736
191 657 752
635 345 336
817 886 95
543 564 308
913 101 722
450 617 196
934 397 279
631 958 927
144 67 469
972 404 590
707 594 246
459 229 591
794 46 477
889 588 40
196 500 140
917 950 756
113 883 152
391 514 110
318 657 177
786 628 581
376 334 175
622 793 403
213 587 448
689 475 36
729 670 536
868 587 485
624 699 367
776 89 880
886 406 537
62 192 164
643 568 498
817 190 290
219 402 877
667 90 351
702 819 20
237 687 607
722 310 305
89 86 393
969 972 799
505 33 991
668 676 559
166 492 748
455 711 149
332 377 239
682 79 57
702 316 743
308 37 53
613 125 139
6 93 110
805 598 143
795 265 818
353 430 309
101 885 20
250 217 396
488 898 475
545 600 790
288 908 827
341 520 952
479 526 45
589 330 642
731 125 907
549 478 337
858 578 222
877 827 438
273 315 335
747 859 935
537 147 843
364 487 363
315 966 888
360 554 217
1 285 341
908 833 818
244 691 396
465 568 222
902 840 536
237 587 395
172 124 541
14 488 27
376 802 992
264 161 546
480 162 830
821 69 663
639 313 354
34 777 921
256 679 761
791 915 348
186 86 472
726 100 959
753 475 760
745 738 921
290 218 83
120 38 152
783 677 464
136 710 241
57 965 919
817 756 833
165 941 919
636 667 18
594 420 493
354 164 230
274 454 448
357 574 486
508 357 162
972 493 872
212 549 837
130 366 592
963 530 533
882 166 199
899 759 619
391 112 782
621 386 236
68 743 810
554 250 166
715 222 658
586 434 206
422 564 572
14 526 102
546 407 267
745 306 25
364 697 137
146 317 522
381 385 264
191 938 514
356 653 736
13 239 169
219 661 732
790 675 258
892 221 664
158 966 970
182 329 666
319 474 983
840 855 367
104 45 305
618 400 958
353 413 196
522 631 857
253 421 531
510 312 751
174 470 716
143 651 44
809 970 518
791 809 372
157 913 416
462 531 815
419 884 228
615 405 859
471 658 280
1 168 591
751 341 61
467 484 712
511 293 681
28 83 490
399 240 402
814 701 933
629 120 816
857 734 221
715 204 878
994 205 45
585 955 386
645 422 870
356 932 162
36 959 244
525 357 484
927 171 185
859 800 304
675 656 38
895 371 241
772 364 446
817 948 401
202 593 822
71 948 753
233 984 712
477 509 69
960 435 240
144 294 39
448 968 695
486 862 65
727 634 429
172 450 376
572 651 969
393 722 916
146 954 900
857 430 408
925 390 843
164 534 137
203 981 104
898 467 966
962 193 600
390 364 49
766 935 700
734 328 421
650 473 375
549 330 804
957 255 193
799 418 727
936 621 707
39 518 173
5 480 366
604 869 729
653 635 664
352 368 991
773 18 463
147 567 793
951 523 47
144 322 465
870 257 85
577 296 603
750 300 82
115 904 950
843 556 585
507 908 952
497 680 970
960 827 536
752 777 58
798 920 379
262 790 636
347 366 931
949 116 231
30 230 134
980 73 689
564 579 597
516 76 276
485 35 102
20 787 879
78 584 799
457 846 588
92 192 954
23 141 69
253 170 299
386 150 371
75 713 950
671 229 25
947 713 60
48 733 846
926 811 430
724 267 276
312 359 468
265 382 608
334 634 778
632 20 927
3 94 639
953 765 867
978 712 580
37 760 313
883 685 123
312 409 390
588 721 749
55 986 130
662 319 763
439 950 783
366 953 877
4 905 641
871 882 353
451 919 112
763 801 797
886 113 206
276 700 926
25 754 911
154 416 230
917 855 180
699 220 132
575 224 37
216 95 918
568 546 836
679 309 637
475 194 749
680 470 449
606 494 203
517 647 618
746 564 473
925 262 693
56 837 917
92 52 12
10 620 557
846 299 865
482 773 59
231 453 529
679 59 22
881 575 669
499 320 233
972 245 494
665 301 331
581 393 383
593 402 2
149 248 300
14 729 73
73 959 526
601 638 584
623 519 159
292 18 479
524 989 723
18 653 23
348 234 415
730 827 817
732 976 64
32 990 793
104 62 752
630 663 389
214 286 908
372 577 925
850 100 914
573 117 567
596 465 800
11 195 627
827 926 602
891 957 591
683 61 653
434 691 315
823 904 600
730 276 176
655 125 276
568 698 393
134 293 857
934 303 52
560 130 977
162 20 934
752 702 995
404 136 685
719 959 588
318 689 863
494 343 988
770 910 686
162 44 978
19 978 281
70 537 410
47 698 429
980 450 131
975 853 267
659 572 225
247 889 913
110 383 256
97 152 166
782 314 209
760 332 186
40 402 723
449 448 421
878 428 870
9 402 723
275 61 294
499 307 183
412 416 566
668 513 718
833 295 31
42 54 363
227 94 764
950 542 212
370 420 640
240 428 41
963 703 102
257 202 408
439 613 824
5 280 336
722 113 630
753 154 684
115 381 777
879 330 319
91 700 738
730 939 166
771 902 868
872 158 69
280 596 682
103 601 962
439 322 74
69 74 227
752 189 607
529 67 937
847 157 636
585 886 575
750 657 476
618 528 633
686 807 229
368 909 829
329 348 151
402 416 224
629 168 413
236 696 479
172 542 636
807 127 522
382 876 178
857 494 705
490 180 512
719 547 421
548 876 768
698 278 184
922 906 351
334 141 47
813 313 589
448 119 715
970 501 591
148 357 84
853 847 263
364 565 810
784 112 685
552 810 962
735 731 868
86 65 8
133 877 320
721 325 439
436 294 939
27 441 296
110 293 142
373 657 707
183 441 819
867 992 628
829 727 358
696 813 422
703 946 299
23 666 623
462 102 917
400 128 357
696 238 650
838 611 307
544 793 747
363 660 739
990 488 466
348 183 278
770 886 223
68 909 889
690 370 991
607 770 119
963 465 356
613 303 967
920 847 760
667 209 419
405 198 907
870 545 90
148 315 975
371 382 883
260 72 253
250 678 23
368 641 487
724 254 790
691 173 636
450 839 844
869 244 42
776 113 587
865 261 901
840 631 283
723 890 354
975 140 32
997 508 673
484 232 926
273 922 99
909 372 938
753 241 181
794 17 294
380 881 555
281 720 185
563 442 75
917 417 215
948 413 722
620 897 954
546 170 875
644 78 247
581 830 488
762 624 504
56 3 385
610 283 104
795 846 546
869 762 962
83 709 375
805 329 272
758 874 441
633 518 519
880 98 349
367 860 972
871 915 975
255 525 258
358 319 103
904 187 864
866 270 573
240 75 901
511 832 775
952 465 292
470 344 390
818 711 249
790 581 164
764 836 688
21 194 7
123 97 194
986 962 463
559 202 538
460 712 369
234 664 834
525 133 178
914 951 888
163 740 469
327 503 304
15 523 497
21 645 594
214 631 556
676 190 757
214 649 469
582 882 132
416 407 264
593 320 214
480 483 954
949 809 456
252 823 979
749 843 624
343 57 255
898 733 444
654 946 92
122 528 973
253 943 380
517 535 700
731 15 182
684 963 991
140 215 813
118 963 656
741 306 713
995 203 445
438 856 390
530 978 917
503 230 859
882 747 394
581 477 408
762 160 371
752 300 585
565 417 548
221 157 853
933 152 55
378 590 911
767 119 888
683 621 118
542 502 864
936 82 341
343 844 500
714 595 800
298 160 216
846 381 373
699 314 524
753 691 114
664 457 232
552 140 852
669 682 353
533 617 435
873 960 278
373 673 872
172 971 32
387 816 412
760 514 725
284 267 415
397 931 872
628 482 11
479 150 692
832 682 308
266 555 267
543 927 940
415 98 910
446 485 726
858 244 239
582 527 506
997 924 436
868 551 917
879 30 67
570 861 749
878 126 303
144 669 229
84 83 327
993 529 812
718 386 55
957 968 582
462 964 505
898 832 56
814 710 85
880 279 946
629 156 71
931 300 740
160 384 822
487 376 350
298 94 735
353 50 702
935 512 666
440 409 497
495 223 207
580 103 485
525 731 641
596 662 941
335 822 324
156 308 700
506 606 794
240 958 844
942 893 355
608 332 764
104 826 986
310 405 89
795 930 819
436 525 481
377 859 302
701 15 610
401 520 215
194 760 173
37 702 65
392 309 396
155 413 222
141 723 627
229 518 556
47 953 81
528 330 939
829 30 953
438 430 473
653 624 232
825 660 933
890 51 241
286 206 653
507 346 376
134 574 893
690 621 845
770 149 175
708 977 204
661 415 634
133 68 258
364 893 917
297 782 968
537 68 174
190 574 519
565 708 93
457 397 714
302 166 862
477 874 839
680 535 254
314 667 321
571 31 213
488 327 995
456 864 62
629 54 636
147 618 343
240 75 740
954 377 906
815 853 779
654 533 313
907 847 980
227 418 10
440 905 337
434 360 200
496 988 253
132 135 871
474 375 946
214 328 322
119 143 175
897 796 708
210 702 554
189 928 971
199 368 876
535 802 235
734 297 223
987 428 358
857 902 733
802 115 60
124 233 202
299 130 997
6 340 698
560 528 626
530 727 994
406 261 795
641 994 92
863 980 520
221 837 421
953 638 536
13 762 769
214 60 898
211 66 238
909 625 765
534 155 492
528 560 752
322 200 746
413 63 726
932 283 562
353 236 200
888 248 961
657 462 20
555 672 86
792 580 710
557 114 864
48 641 423
799 963 623
544 376 685
269 308 968
831 660 203
30 548 451
990 205 912
10 759 584
95 550 163
805 107 277
668 154 918
91 953 880
713 496 256
397 765 563
364 596 223
567 625 771
17 615 975
929 625 734
512 720 283
675 524 389
952 192 543
869 283 495
749 995 991
4 392 756
567 756 351
789 323 976
560 339 590
535 268 215
268 780 934
550 454 458
939 405 650
481 274 932
975 22 927
966 26 318
721 593 74
71 381 396
47 941 735
636 475 2
851 742 781
785 292 235
242 230 639
892 711 913
823 686 934
749 651 960
67 371 552
140 442 933
535 488 873
269 124 347
271 974 89
51 758 380
285 1000 609
924 892 319
836 714 5
770 463 655
729 529 25
281 668 467
213 203 954
86 472 77
433 742 51
521 793 809
901 77 809
510 1 700
829 836 413
833 606 876
487 335 404
512 615 72
978 828 275
932 914 746
9 346 488
59 867 280
867 768 356
676 277 357
375 105 192
788 937 797
663 423 132
67 934 746
139 912 574
413 843 487
158 851 833
645 910 700
925 777 467
281 452 743
637 826 848
828 614 784
625 276 207
757 342 141
502 480 52
76 893 895
562 51 745
395 696 655
94 620 431
561 900 882
304 536 708
151 364 321
935 989 597
141 745 938
282 247 418
333 322 311
228 883 361
973 278 56
627 372 675
57 932 574
939 236 110
646 386 473
967 321 461
563 462 206
501 743 452
919 75 773
229 302 656
589 274 933
644 901 304
319 957 236
893 895 471
2 541 857
475 507 177
936 69 638
141 570 380
592 488 455
365 716 757
20 304 31
953 948 931
256 267 888
491 159 783
962 161 324
818 635 830
995 571 899
632 711 468
12 303 956
467 668 671
224 687 975
255 640 923
186 895 189
73 386 347
856 347 507
179 164 142
9 158 712
907 790 423
375 802 726
330 269 393
1 492 80
976 746 719
898 932 614
86 4 999
432 860 346
939 38 510
81 46 668
793 953 458
215 328 259
940 658 527
333 658 19
412 633 764
131 531 695
744 616 699
743 48 559
88 987 596
597 67 642
264 859 594
722 74 922
980 14 579
507 346 237
525 758 870
289 888 400
984 631 15
682 374 62
240 461 49
836 58 115
478 322 974
72 43 48
993 22 61
571 529 407
807 53 165
676 341 52
75 324 683
90 6 56
152 246 517
200 82 574
315 559 896
288 630 938
336 622 960
397 193 488
803 999 540
967 675 881
19 750 204
702 839 210
758 990 455
274 190 536
848 504 94
743 791 723
680 127 345
639 523 537
126 325 536
666 292 210
546 311 960
749 12 798
959 769 788
413 42 977
948 889 480
42 631 271
765 311 397
109 950 920
646 75 244
181 741 536
390 286 846
349 35 857
147 993 626
935 406 667
911 354 556
391 395 187
662 160 497
59 268 446
978 913 521
222 94 261
758 483 547
603 832 582
460 978 574
85 913 979
752 824 332
307 214 727
493 876 886
990 934 154
436 912 67
956 133 160
217 890 643
764 493 474
345 952 452
918 37 364
897 788 187
229 94 401
956 587 276
841 577 210
995 12 121
62 967 254
221 184 144
864 947 636
337 291 587
789 209 624
153 106 411
340 334 504
740 289 91
16 130 667
226 124 678
346 185 645
600 406 829
743 269 775
378 606 66
965 395 274
588 547 379
998 886 713
502 626 1
593 642 131
259 867 255
937 213 440
582 812 846
410 555 114
185 932 720
250 897 114
524 484 661
902 482 547
615 984 173
616 576 814
746 835 681
1000 771 894
440 352 706
285 761 260
398 945 191
118 195 88
232 718 572
892 620 53
438 234 37
611 849 612
425 595 446
105 594 217
998 34 569
703 318 330
963 716 275
154 833 469
241 64 186
812 955 806
865 393 39
901 4 888
513 428 482
958 532 76
175 530 109
743 233 426
72 195 141
346 348 974
815 589 37
1 400 992
806 265 385
845 165 388
732 677 815
214 635 347
289 810 877
398 552 110
824 624 304
965 969 652
938 784 241
975 784 641
966 589 905
351 433 70
739 165 746
553 378 381
900 667 190
777 64 742
886 888 365
190 852 334
842 789 117
82 764 900
722 729 489
627 80 921
696 818 86
442 371 463
822 270 129
12 47 193
753 932 80
117 121 932
450 962 721
567 44 484
467 765 213
955 392 292
876 87 109
961 528 480
423 350 750
552 361 796
745 114 727
825 230 848
756 680 809
476 247 852
960 713 617
172 667 9
464 542 95
573 502 623
52 925 973
801 477 334
597 221 447
323 45 677
170 800 357
979 276 603
831 236 316
448 408 982
456 871 524
551 444 26
174 495 950
146 296 426
479 892 647
926 215 691
602 384 491
959 363 767
561 194 2
877 641 409
858 97 280
382 647 723
407 821 217
357 966 513
783 445 405
429 370 619
120 972 3
610 930 365
376 491 558
378 367 199
786 225 295
66 607 942
788 13 762
5 370 727
517 153 172
922 581 542
540 701 514
542 310 444
907 686 935
465 64 302
664 850 526
958 915 133
900 702 146
661 706 515
388 223 667
560 144 248
101 684 948
614 226 258
58 133 944
992 597 7
293 261 856
819 219 770
951 118 472
96 778 178
611 166 401
277 725 545
525 826 228
472 440 453
730 497 585
673 488 182
680 781 442
535 599 660
305 550 777
777 646 555
954 256 721
354 533 445
899 57 270
126 529 709
579 258 205
164 931 693
345 610 473
787 144 72
446 449 622
223 225 267
778 179 523
498 533 55
943 431 111
212 556 640
921 135 897
126 298 828
818 642 437
291 429 581
363 875 29
985 97 253
251 875 432
773 373 964
828 315 394
939 527 950
578 447 84
475 572 382
302 390 23
738 680 451
318 43 325
346 27 422
599 278 297
31 51 670
994 878 984
387 816 510
337 393 957
421 867 528
802 168 917
824 906 597
275 223 639
600 569 665
22 168 943
319 198 993
988 192 870
971 578 685
481 915 78
438 335 945
965 136 113
882 960 18
479 234 241
117 834 810
782 856 977
724 174 175
716 161 366
586 132 944
271 613 858
348 50 192
293 15 328
405 897 287
423 375 521
664 492 354
473 273 209
450 997 383
624 713 544
990 298 675
933 569 288
791 917 337
982 209 352
309 614 248
596 37 622
116 700 113
469 172 386
678 621 383
61 245 95
604 234 393
279 167 962
566 957 878
903 939 86
254 248 700
501 843 736
123 958 436
236 427 607
621 105 228
4 165 472
98 768 705
491 47 872
452 612 828
330 514 766
415 768 13
115 269 855
851 391 813
286 627 239
892 248 343
120 251 508
591 348 276
296 839 322
167 291 933
994 620 447
760 35 215
772 150 483
627 1000 874
439 285 500
678 177 747
21 296 997
528 886 345
803 182 184
124 349 474
57 342 94
504 102 129
718 873 278
200 500 277
74 938 561
573 615 738
320 635 33
316 163 919
661 965 101
844 89 449
318 146 791
412 650 892
540 367 764
817 567 264
93 640 201
654 213 816
392 532 451
424 848 613
343 508 578
443 352 667
891 670 813
681 81 462
572 621 828
336 437 394
599 530 34
800 184 246
615 575 777
66 999 625
679 341 132
256 783 484
923 673 154
735 354 235
196 925 855
24 261 292
418 859 821
451 659 5
696 274 579
473 339 577
97 17 917
229 273 700
713 195 373
866 929 726
101 125 651
955 148 911
246 566 770
67 16 428
71 712 701
650 185 39
226 281 56
143 509 328
843 222 522
215 87 451
940 187 576
590 142 724
500 388 289
270 455 304
697 525 16
397 175 200
436 401 480
491 543 989
819 385 211
340 599 298
791 539 485
366 128 626
89 628 14
378 898 468
682 594 993
697 991 167
896 426 567
376 917 110
365 735 495
575 75 94
873 865 632
357 231 760
982 320 388
996 697 285
463 379 878
455 75 869
622 971 294
189 347 211
298 712 945
792 287 20
885 159 884
517 515 115
277 497 435
664 492 132
948 954 510
826 409 584
694 31 555
988 219 901
198 516 613
143 308 899
162 193 57
46 709 572
161 985 68
595 649 560
726 597 513
236 423 922
820 116 952
374 104 170
275 302 686
887 445 993
786 606 186
843 652 894
414 812 879
482 407 527
41 132 124
554 368 546
475 187 662
427 561 765
596 836 67
282 722 511
274 508 117
459 350 768
353 764 580
232 245 986
759 286 117
882 839 485
427 313 671
89 739 232
853 335 67
920 616 788
431 890 296
547 349 646
315 702 409
894 933 654
879 691 939
996 573 777
480 999 90
151 87 829
382 940 164
448 860 780
236 290 669
531 837 18
176 151 719
585 44 651
239 923 342
177 918 914
954 397 913
44 548 1000
873 929 940
37 376 800
816 611 89
485 142 926
502 318 76
221 903 120
871 141 42
213 318 960
126 272 357
39 315 904
38 188 832
978 224 208
777 40 819
866 524 960
791 26 278
867 246 180
987 117 320
28 329 637
988 454 908
344 493 223
247 530 411
79 508 635
287 284 674
105 149 198
64 940 223
342 806 469
521 792 585
840 820 913
477 808 367
385 151 859
608 398 389
18 477 897
652 763 180
326 867 329
523 931 269
746 272 74
214 792 866
798 632 686
711 109 493
78 493 643
936 101 41
325 119 517
221 770 279
401 96 146
730 618 76
998 364 347
71 577 139
937 375 770
622 86 878
114 163 371
757 99 471
797 423 589
314 644 359
592 44 454
737 773 72
813 770 435
159 841 12
297 777 386
67 399 471
944 512 634
314 269 732
785 65 154
373 378 798
731 970 842
185 707 614
257 519 384
691 677 225
703 974 2
88 40 400
559 984 912
192 298 180
923 82 245
77 455 623
874 186 592
715 370 298
329 626 817
713 317 494
938 19 467
939 107 507
339 666 491
251 858 788
431 780 870
675 857 324
298 731 509
889 446 879
187 775 505
3 487 822
497 425 841
963 363 948
470 702 613
961 952 470
748 383 250
618 58 107
942 355 838
450 243 283
329 430 57
834 433 544
655 929 969
496 892 332
443 362 33
56 322 985
526 70 367
776 687 425
882 628 779
719 78 22
2 407 451
59 240 884
603 894 813
571 389 704
902 832 65
935 887 387
920 412 456
287 187 142
711 68 770
489 787 848
510 789 254
961 847 493
844 450 387
657 20 776
360 922 607
425 857 493
811 776 904
266 62 91
408 772 159
178 261 946
25 770 734
278 731 581
770 575 30
157 231 49
932 591 971
538 15 827
31 825 602
935 91 664
25 499 435
183 676 696
128 700 466
861 978 196
441 748 770
471 904 1
519 835 591
490 373 605
316 403 430
918 337 521
581 361 19
16 544 695
711 672 394
176 532 372
372 973 119
142 443 22
142 962 856
733 452 229
338 768 631
768 685 968
288 266 329
307 282 872
1 993 543
395 169 75
766 540 48
884 681 491
906 823 453
762 555 904
990 893 671
620 660 356
588 947 621
916 254 903
787 255 895
330 650 63
404 415 602
452 299 283
942 205 106
394 966 661
297 955 553
968 575 212
323 162 159
944 77 412
846 864 666
740 193 315
802 597 730
404 49 29
687 990 233
792 384 198
452 681 153
4 648 727
216 970 889
374 913 965
785 759 829
451 498 22
766 300 618
495 704 666
524 390 656
757 181 39
954 633 719
107 637 366
834 852 336
722 225 249
687 10 7
515 461 505
536 226 805
154 721 508
820 244 897
475 1000 78
514 954 711
232 61 347
598 894 199
934 615 424
183 301 433
190 816 893
694 351 119
499 504 839
6 323 83
903 798 83
981 311 37
691 543 97
38 141 990
236 74 605
659 256 905
92 445 721
985 139 71
103 637 575
942 643 898
24 545 695
107 526 6
143 216 548
239 254 688
228 489 762
832 148 17
737 240 462
457 224 600
528 327 236
103 269 879
1000 293 423
695 399 948
700 541 164
248 779 417
935 7 906
697 839 54
713 576 293
175 33 517
774 560 844
10 662 112
888 662 405
311 356 803
259 56 344
422 303 122
839 238 129
745 934 968
798 647 543
91 821 575
608 595 135
452 605 797
564 492 459
968 803 814
770 61 870
113 483 172
235 321 409
364 65 343
331 863 989
874 954 810
449 562 404
583 13 9
380 576 501
838 543 303
652 313 364
521 426 846
693 661 167
102 24 232
444 354 94
433 227 48
242 675 609
646 258 621
654 638 196
155 476 739
457 127 52
820 648 477
666 340 137
832 442 160
63 885 514
157 318 741
205 560 416
813 206 673
434 860 311
630 14 786
368 470 913
419 290 560
896 955 900
32 787 341
192 849 226
705 6 543
445 210 102
860 23 307
533 456 166
844 85 179
629 453 649
541 872 939
101 767 893
1 798 680
341 990 529
567 694 534
109 139 744
211 999 766
518 532 221
684 375 306
863 3 758
511 544 629
449 644 396
342 644 194
21 985 183
550 551 877
83 660 15
827 871 14
592 388 545
813 71 919
119 933 922
876 444 466
505 893 110
901 235 754
94 256 738
276 805 289
152 888 949
167 714 819
180 306 207
724 118 277
643 236 210
565 112 654
30 617 546
140 517 781
893 610 36
631 886 841
919 37 728
868 203 441
686 383 746
892 106 864
169 749 100
379 314 212
32 344 828
578 483 344
358 375 954
394 5 839
234 924 876
961 791 79
402 477 461
147 369 567
11 538 316
110 916 629
321 947 972
149 525 454
493 882 829
446 276 834
285 509 757
160 469 548
239 870 24
699 17 393
266 28 930
581 138 845
209 459 792
180 607 316
634 99 198
463 545 473
296 829 981
52 989 450
599 227 320
623 926 337
15 191 365
944 771 502
789 980 960
580 159 566
896 793 665
94 255 209
567 550 38
548 602 27
997 201 254
317 823 180
654 838 370
18 782 141
519 570 120
478 150 279
44 46 71
709 139 326
918 706 876
956 253 477
982 249 677
236 566 500
415 219 337
785 236 119
925 755 688
44 233 838
323 277 884
394 985 23
719 903 728
594 858 980
71 840 229
747 75 794
246 489 13
583 274 249
701 198 3
389 242 235
227 564 511
110 957 496
132 676 398
860 269 255
839 340 94
67 86 169
861 332 658
873 915 931
121 616 128
124 4 370
358 231 934
869 341 890
364 473 566
761 332 835
16 170 174
109 237 259
277 97 591
934 970 505
865 91 120
992 214 124
362 572 355
295 440 695
185 804 167
750 564 498
584 580 667
757 688 904
16 965 1000
606 899 970
111 763 60
231 755 274
355 116 845
709 410 284
403 594 87
570 344 651
67 927 230
734 684 918
637 699 883
637 305 782
607 415 544
666 646 299
940 1000 414
784 709 824
68 112 418
155 681 761
805 747 688
35 481 371
953 118 69
835 755 373
617 361 788
160 27 434
459 966 433
872 749 142
696 816 253
114 971 933
874 776 680
562 810 160
932 763 278
1 598 32
374 214 392
161 374 418
595 832 383
27 704 132
169 399 948
421 512 918
353 386 693
33 947 503
192 879 265
469 879 862
500 252 76
892 413 449
309 7 280
692 34 983
824 202 382
771 623 894
688 975 279
380 7 226
883 199 105
147 668 983
9 168 235
84 59 648
532 368 654
812 60 688
794 883 890
175 653 512
68 341 487
347 720 494
573 603 692
677 749 360
660 758 527
894 842 586
541 373 953
195 184 13
883 978 895
772 152 547
284 220 887
770 567 607
263 140 209
955 816 958
315 476 716
841 370 557
427 910 930
380 105 114
392 988 91
286 759 243
833 43 463
720 812 30
326 75 169
535 30 985
493 344 460
209 185 829
766 611 739
695 990 844
808 382 831
899 667 590
142 500 632
604 219 444
633 545 518
801 80 547
786 573 891
246 781 75
74 546 685
813 241 675
657 48 56
488 947 723
77 88 222
708 691 441
152 324 985
669 125 64
216 910 637
106 155 417
181 229 963
866 42 203
541 699 251
596 186 197
319 262 285
541 970 976
981 121 299
966 790 424
30 5 333
666 111 488
83 292 717
45 157 759
247 697 457
498 293 642
695 612 904
979 152 873
954 133 994
252 98 783
676 127 787
8 793 898
496 875 189
213 919 346
971 166 43
427 663 335
69 357 946
972 336 98
844 289 230
837 541 328
620 216 454
407 224 246
304 719 120
493 932 39
839 902 205
881 329 867
216 397 224
162 369 559
259 213 848
489 49 388
816 668 603
269 75 826
515 378 545
635 871 476
674 709 378
878 590 706
744 805 103
968 966 471
527 224 683
374 712 732
761 527 400
364 796 474
189 311 852
734 945 722
209 618 431
586 495 20
292 239 824
394 207 790
865 734 14
547 107 725
278 868 252
678 231 48
151 420 358
2 153 303
724 362 921
155 948 416
174 240 655
998 634 861
788 498 594
801 45 701
526 323 568
777 1000 799
825 150 218
183 152 371
486 876 733
406 30 681
821 204 920
476 202 554
336 989 51
930 789 95
630 314 417
198 91 416
996 916 566
214 98 718
585 583 594
318 989 623
998 810 827
918 285 29
472 621 17
522 550 806
617 180 120
34 378 211
450 373 126
15 587 224
733 172 807
326 489 796
949 487 605
776 405 890
804 876 510
821 398 60
627 14 240
747 48 617
957 497 990
83 512 577
307 244 748
114 570 237
909 519 724
514 294 129
404 98 4
913 919 402
973 545 416
213 292 463
830 248 959
819 331 470
396 638 714
144 751 283
380 660 802
104 174 95
232 577 193
236 490 111
637 462 656
52 675 947
515 504 195
473 323 526
943 719 163
656 862 914
939 241 574
740 345 747
835 576 323
28 811 812
138 447 274
794 499 949
740 13 452
934 486 775
460 428 493
623 84 354
536 23 595
109 762 939
856 597 514
178 624 324
990 762 771
263 555 269
211 295 282
663 229 768
437 688 196
930 310 280
283 846 302
878 955 64
816 810 660
330 988 284
654 977 45
424 240 600
693 450 894
975 113 122
742 550 810
938 479 119
217 762 964
518 639 919
581 455 728
240 784 715
524 437 691
568 861 930
168 553 380
61 528 492
183 270 42
992 207 520
111 423 281
74 940 919
993 521 373
720 760 157
435 284 593
125 851 454
55 19 6
435 79 534
926 262 803
968 253 9
487 363 431
767 437 371
686 429 891
59 149 651
216 583 934
808 707 785
262 762 803
267 196 882
801 122 143
603 89 395
611 575 758
42 342 194
412 28 623
302 87 771
952 302 353
886 110 60
670 371 821
472 638 17
353 438 138
496 40 227
890 650 801
648 692 143
841 103 171
464 405 257
234 356 559
586 242 668
646 911 38
466 383 676
483 736 113
620 231 153
846 121 803
647 768 494
790 609 596
960 72 1000
217 305 356
775 891 597
442 537 508
480 3 891
155 485 626
268 104 857
420 950 977
222 596 745
715 386 353
311 345 424
311 562 729
666 336 620
263 777 156
771 257 158
661 411 643
287 679 746
143 98 696
119 320 292
864 35 677
216 345 22
640 655 583
369 321 918
989 584 695
144 354 951
302 14 362
944 300 40
690 443 138
385 562 457
676 425 492
353 640 836
374 280 491
957 648 812
874 636 395
569 780 748
519 82 762
881 25 62
921 715 504
59 100 65
516 776 489
7 128 128
843 502 408
333 458 55
145 332 690
539 900 470
286 419 551
48 299 576
109 220 290
612 278 390
676 794 165
165 800 293
293 643 794
700 976 252
754 120 583
444 658 482
913 944 900
463 991 199
39 99 419
329 711 696
718 386 490
883 550 290
175 842 932
969 542 907
220 295 26
802 739 683
284 651 627
183 114 617
382 152 716
800 480 426
496 198 812
985 80 362
274 255 204
205 223 745
112 443 39
137 245 777
820 528 428
446 711 542
63 92 693
778 892 173
204 387 370
15 372 449
376 645 704
580 850 926
324 961 368
363 98 612
140 918 140
567 364 851
108 426 943
801 204 834
973 407 221
343 422 592
792 797 237
495 376 87
420 700 48
788 62 145
400 201 63
540 768 426
390 875 852
332 675 55
165 648 462
386 990 883
977 782 680
214 276 56
300 696 755
347 484 816
492 883 17
554 422 784
980 812 658
831 143 333
886 308 981
347 693 971
230 670 752
909 883 27
965 182 723
719 528 206
535 20 89
551 573 511
335 553 322
992 383 465
325 269 772
306 616 465
276 845 134
27 754 16
54 718 198
777 437 726
982 972 745
70 522 318
580 856 870
902 848 252
366 173 520
137 478 136
602 754 980
735 781 734
751 834 452
948 611 888
673 592 859
417 662 381
735 242 237
604 143 85
855 508 257
375 645 735
510 247 488
490 982 268
223 732 102
674 680 713
562 353 304
420 769 966
801 504 207
37 107 350
122 962 858
378 337 503
113 846 749
601 336 730
868 559 462
970 233 141
682 794 493
986 214 262
952 14 765
159 51 871
508 172 832
366 550 168
868 663 14
616 263 350
346 131 908
807 100 140
947 782 933
439 768 147
701 719 161
465 877 211
336 385 383
167 750 933
335 617 595
349 233 857
698 578 987
606 385 87
745 331 869
678 770 636
825 470 355
985 935 231
195 270 616
578 437 365
510 772 982
104 121 214
961 818 792
948 424 176
35 169 507
904 846 276
539 671 746
894 655 681
125 850 951
740 427 387
105 937 159
86 40 279
300 1 97
