431 273 319
84 71 225
843 967 867
747 727 150
103 311 50
568 88 874
159 595 27
853 126 481
96 942 358
669 389 707
759 820 980
77 903 50
302 746 16
168 493 742
318 596 53
367 164 141
241 322 736
267 174 861
747 270 802
105 938 191
811 697 11
790 774 914
840 75 659
856 242 152
598 560 748
650 926 911
790 167 232
526 433 406
386 180 675
188 284 612
379 95 308
389 885 81
302 724 156
961 580 398
112 177 957
860 826 883
770 616 49
1 141 481
406 527 661
81 715 944
692 93 39
1000 481 923
81 782 647
236 742 227
633 854 403
589 713 229
471 483 845
519 483 986
1000 889 512
660 969 226
