431 273 319
84 71 225
843 967 867
747 727 150
103 311 50
568 88 874
159 595 27
853 126 481
96 942 358
669 389 707
759 820 980
77 903 50
302 746 16
168 493 742
318 596 53
367 164 141
241 322 736
267 174 861
747 270 802
105 938 191
811 697 11
790 774 914
840 75 659
856 242 152
598 560 748
650 926 911
790 167 232
526 433 406
386 180 675
188 284 612
379 95 308
389 885 81
302 724 156
961 580 398
112 177 957
860 826 883
770 616 49
1 141 481
406 527 661
81 715 944
692 93 39
1000 481 923
81 782 647
236 742 227
633 854 403
589 713 229
471 483 845
519 483 986
1000 889 512
660 969 226
604 661 318
643 660 799
566 740 581
212 976 322
439 608 176
841 197 889
69 668 371
914 187 854
899 186 743
411 846 711
637 450 372
955 92 32
753 657 772
333 869 747
655 307 354
831 147 551
719 216 218
90 129 404
943 28 590
685 438 435
396 74 884
767 29 975
799 781 631
570 114 499
316 768 805
670 598 952
220 317 168
438 406 297
841 349 324
430 34 762
864 429 836
748 196 864
722 994 644
353 563 757
852 879 525
657 548 123
608 768 439
776 205 845
72 45 194
396 475 227
157 339 656
992 86 851
855 808 845
499 161 407
255 12 286
780 668 833
902 276 600
341 51 805
186 123 850
379 518 324
606 674 663
261 666 749
112 520 556
956 19 717
363 274 728
648 53 396
480 954 671
80 295 722
885 481 845
734 859 362
58 465 36
721 725 702
469 836 222
25 791 240
741 153 513
469 801 565
864 281 519
535 361 814
256 245 294
101 979 153
463 37 617
498 757 341
200 226 176
421 250 967
660 991 120
172 459 920
737 323 200
256 857 560
69 113 805
362 213 783
514 675 819
130 173 576
471 372 801
647 792 51
613 452 41
733 624 500
652 360 822
852 616 678
412 684 790
216 46 2
999 559 676
818 689 848
393 159 219
193 806 11
243 418 462
284 150 85
783 802 445
604 654 60
282 65 744
71 281 789
73 279 348
748 96 37
596 489 195
815 682 1000
826 924 418
287 208 568
372 990 370
817 594 23
876 875 88
620 946 368
408 18 647
756 766 743
792 362 231
986 176 913
986 1 837
404 288 44
972 659 34
341 476 627
364 351 502
451 970 447
819 378 464
466 133 230
208 924 591
439 910 766
351 896 767
187 300 55
231 271 714
264 611 189
890 974 540
391 425 510
838 243 887
302 708 20
531 916 943
121 354 853
887 705 749
653 892 48
707 122 318
421 385 928
609 275 902
148 665 326
657 503 569
544 804 276
563 334 192
506 454 545
359 340 250
107 993 141
154 700 263
471 120 647
399 729 921
301 876 586
626 532 88
195 76 891
471 638 225
662 144 678
207 502 18
456 608 11
597 761 710
859 232 830
506 631 558
426 931 434
12 557 966
100 751 41
990 221 678
214 883 822
892 89 323
910 545 931
920 141 691
630 1000 923
460 505 553
18 931 484
451 942 40
416 41 791
456 31 11
134 245 894
955 137 982
277 46 526
208 966 667
898 596 666
821 55 171
374 72 101
857 522 42
897 938 83
687 393 114
698 526 358
591 481 494
572 758 540
98 965 506
764 863 101
430 683 156
600 57 227
700 913 749
742 809 686
825 496 78
938 193 604
295 783 84
789 355 842
329 453 806
834 217 668
934 646 351
89 246 407
316 946 320
64 687 129
750 512 624
828 449 816
432 744 599
516 532 953
357 860 405
162 693 622
830 627 267
181 716 512
587 31 458
907 95 144
35 844 655
659 672 104
475 103 847
73 618 378
26 975 238
430 136 931
51 966 558
318 146 273
830 733 303
287 640 398
431 675 241
86 333 913
189 807 15
35 879 633
413 904 607
650 334 743
581 385 709
138 703 854
410 533 587
713 819 226
110 250 900
351 335 233
263 523 40
278 558 918
910 970 822
517 620 156
259 200 541
967 338 243
821 748 776
407 461 594
633 570 844
533 921 178
766 184 701
805 461 258
723 371 227
544 887 846
700 146 46
240 112 383
483 933 131
258 340 591
852 972 161
695 505 81
872 270 264
573 74 725
830 796 95
56 340 982
902 39 127
947 279 239
330 762 171
460 20 510
50 871 482
210 566 986
291 438 255
555 10 329
279 839 124
374 894 463
356 796 502
482 742 781
721 71 542
891 530 561
401 580 432
882 790 997
868 80 434
122 634 444
450 913 282
574 286 176
37 641 971
538 123 712
318 843 783
860 734 313
421 135 892
852 16 681
849 883 761
283 5 394
726 455 306
7 28 592
183 65 233
153 602 356
865 920 198
648 780 932
960 200 66
852 52 82
533 900 965
293 182 970
687 907 424
993 914 452
584 96 516
817 249 118
172 114 38
370 761 817
301 721 17
367 572 68
449 105 967
413 398 149
382 84 55
806 76 969
258 660 65
773 476 314
891 647 427
928 17 188
745 317 908
761 684 480
829 133 585
795 546 982
943 928 65
998 733 141
967 990 801
31 763 276
344 653 923
771 580 939
958 325 256
865 85 940
345 913 72
929 708 617
910 651 544
975 649 277
116 615 266
916 646 28
192 989 681
114 759 261
53 717 585
308 582 670
248 926 582
319 855 290
936 765 941
479 739 589
755 855 204
21 770 849
48 961 837
729 75 596
989 127 312
573 435 893
242 682 819
824 1000 673
114 935 437
54 414 176
642 168 30
845 189 800
694 237 760
530 965 835
126 953 961
437 525 395
330 767 76
148 591 76
821 704 11
258 757 424
433 399 592
463 244 780
262 937 16
22 467 981
856 592 933
816 29 458
211 359 224
287 506 814
363 327 518
373 584 274
797 16 673
389 479 916
169 740 853
184 762 319
164 617 910
97 433 939
554 644 297
778 930 803
592 292 129
109 665 713
383 461 729
55 850 207
971 18 947
823 202 708
141 366 324
51 462 757
990 16 400
286 794 330
89 385 621
218 494 286
930 876 747
658 931 596
865 901 613
811 724 814
518 865 179
842 916 641
598 905 656
998 191 449
327 279 834
948 497 327
233 426 203
979 84 133
575 948 34
187 759 758
1 276 622
179 118 537
819 716 441
475 713 632
924 39 910
757 987 407
84 219 832
286 198 916
419 772 864
453 959 622
210 959 898
831 138 16
368 957 731
808 431 444
439 354 483
349 111 469
755 194 688
587 480 885
503 899 657
366 351 615
988 561 574
886 392 711
901 759 667
632 566 98
75 5 452
557 354 562
26 109 756
713 695 235
598 197 134
254 563 484
869 551 44
442 437 436
153 337 194
819 969 760
917 44 765
368 601 118
930 626 226
685 338 921
920 935 117
53 189 680
536 57 230
580 499 666
16 651 3
209 470 972
968 386 15
732 754 615
849 683 241
75 367 578
995 287 513
112 339 702
792 875 759
21 455 257
687 470 908
690 678 378
662 646 763
676 377 517
291 226 199
531 301 566
109 295 852
622 407 191
323 198 65
81 219 520
338 906 989
246 595 667
623 256 312
385 932 689
902 223 915
100 753 215
666 861 510
518 483 916
708 805 113
773 886 332
292 223 237
281 468 832
948 90 88
260 475 20
948 376 242
862 476 994
77 141 855
586 658 338
501 366 142
614 138 27
945 430 250
182 711 718
14 658 808
101 917 283
121 865 658
362 727 134
356 803 275
211 388 932
548 889 298
690 502 436
717 447 866
966 629 576
684 642 234
491 743 151
773 863 15
431 225 741
564 580 544
839 791 931
770 338 819
68 27 321
504 743 768
369 709 396
944 392 38
178 883 781
328 656 643
342 87 868
83 651 447
626 489 237
557 259 575
376 326 602
697 829 345
464 198 53
860 141 445
897 319 328
678 646 983
320 988 70
188 70 720
634 696 208
871 253 466
446 628 792
47 324 621
391 788 818
444 647 959
889 544 277
216 221 922
199 541 909
268 728 979
987 362 675
195 233 927
661 678 554
452 725 878
73 116 665
890 560 311
849 448 855
125 663 75
47 862 616
956 129 343
935 116 704
609 310 937
535 971 614
89 423 339
966 495 455
631 385 14
942 233 461
796 357 124
871 404 985
486 359 114
828 293 229
532 902 539
468 436 509
82 525 931
421 490 426
875 121 810
888 62 42
349 857 399
473 727 802
457 213 161
571 41 454
800 572 355
338 40 791
847 122 315
778 542 805
203 417 925
12 305 986
54 653 843
452 125 570
254 582 782
415 152 822
868 951 394
223 289 434
13 136 555
328 913 97
133 116 513
58 128 818
44 181 470
886 633 595
456 887 176
238 301 328
59 169 279
453 391 568
886 404 703
441 732 616
538 865 731
51 922 859
868 965 39
337 851 672
931 307 559
107 544 859
434 603 28
713 55 418
280 941 822
982 382 554
598 919 418
328 969 340
187 836 305
225 173 155
897 104 462
455 211 5
314 645 607
341 357 662
759 636 603
581 618 984
134 215 902
552 543 871
891 729 707
195 954 879
350 850 983
811 305 193
815 618 837
422 958 193
84 717 829
687 297 446
670 431 661
572 982 203
443 872 932
149 67 885
28 416 735
10 226 39
203 41 657
39 463 615
232 547 331
60 233 628
506 903 58
166 475 40
369 917 911
300 66 978
185 93 393
919 103 619
958 306 660
615 344 122
229 576 668
560 636 901
188 141 804
245 307 278
284 676 195
195 975 260
172 160 353
565 79 456
183 36 761
842 651 105
964 879 681
632 439 316
533 626 457
336 871 764
613 155 439
808 350 414
67 522 573
420 86 651
876 269 687
636 111 337
741 75 216
421 706 655
737 238 280
194 574 151
957 186 305
396 993 654
809 60 175
381 480 261
32 355 530
718 991 640
55 731 714
271 152 420
925 889 658
205 82 231
355 39 416
660 434 409
314 242 469
489 623 948
749 654 303
279 372 293
918 426 24
632 696 175
51 621 64
709 825 145
939 180 183
355 839 616
764 152 858
232 641 480
180 389 133
482 668 505
774 585 930
797 217 626
972 268 247
36 976 71
180 914 250
363 268 89
979 32 241
836 263 881
316 442 270
449 923 937
953 697 522
883 494 738
509 466 5
755 501 980
825 681 894
75 44 162
163 22 193
403 858 456
284 173 897
553 621 820
489 574 517
10 456 10
747 964 476
752 718 976
732 543 657
625 617 700
787 779 721
979 182 579
435 465 751
331 17 372
151 506 945
667 516 401
677 262 364
152 14 82
127 745 624
784 370 240
483 156 19
203 135 201
781 569 666
532 900 682
904 50 188
848 717 703
249 393 965
612 544 978
694 671 723
317 454 92
557 936 248
575 139 382
776 920 951
441 451 851
123 354 900
310 202 617
13 450 9
977 62 553
954 755 223
676 72 677
768 628 613
15 202 751
397 978 670
348 418 121
198 540 475
98 849 677
714 861 127
723 838 188
275 792 943
498 468 14
174 235 641
786 250 843
537 646 820
207 994 237
328 191 777
802 289 626
479 2 487
605 724 324
793 999 115
735 496 582
749 670 817
390 455 66
233 992 712
52 199 705
289 526 896
66 328 184
691 806 185
177 410 909
500 203 907
615 937 403
197 686 72
13 75 527
79 307 518
791 359 716
495 648 242
390 714 569
573 404 374
758 580 784
667 80 986
574 695 923
976 891 609
48 904 683
574 983 990
92 773 349
808 268 997
49 657 711
617 230 114
991 988 694
775 654 774
761 228 468
683 204 359
291 251 263
974 824 245
964 915 18
313 723 285
310 771 941
20 388 171
133 379 158
827 153 812
600 913 39
68 596 242
426 886 492
688 860 316
933 823 231
950 136 953
234 445 724
175 464 111
345 597 489
503 423 642
314 23 554
353 90 150
594 516 35
86 204 895
402 136 718
632 86 853
585 320 298
308 494 761
419 839 358
908 342 781
549 655 803
103 8 893
252 601 409
287 687 612
181 89 748
899 721 834
751 305 153
48 613 647
809 32 486
167 939 827
947 488 481
750 591 489
642 843 89
51 130 776
662 311 864
410 209 584
243 960 889
395 7 502
42 816 533
527 982 472
353 928 960
834 678 551
322 319 393
411 370 523
187 31 833
51 440 42
634 683 1
523 77 8
25 119 823
557 645 804
29 998 732
988 831 409
539 153 728
932 563 97
454 750 128
287 800 568
328 434 250
328 956 327
335 980 445
157 537 89
961 566 87
693 554 917
101 92 70
829 23 633
926 476 382
53 762 181
620 90 614
869 417 570
195 752 550
639 909 86
728 869 651
814 561 204
731 662 296
800 490 318
432 416 794
813 468 556
994 87 645
607 956 62
176 150 813
725 789 721
811 517 590
462 330 150
666 61 812
961 861 302
279 293 717
72 106 184
627 99 271
272 706 226
333 881 376
145 606 164
866 417 680
455 878 10
604 543 70
416 504 931
717 782 223
433 854 328
617 480 427
887 752 132
113 84 12
488 229 618
651 94 34
331 548 912
340 152 455
410 567 958
340 283 740
563 716 593
890 333 73
316 219 824
448 331 907
459 819 135
77 469 228
110 799 776
21 139 927
475 548 493
433 888 776
172 450 491
764 340 823
837 656 42
660 103 373
566 562 191
701 638 660
929 748 458
704 769 597
630 244 144
123 676 31
898 848 481
389 612 820
212 448 475
254 107 577
626 673 138
817 374 775
477 302 522
934 6 291
531 636 534
674 759 210
705 656 57
185 45 669
4 256 116
478 510 223
55 136 895
192 952 268
967 428 570
489 362 576
779 892 212
313 566 970
522 270 625
579 455 670
247 459 925
363 936 434
585 991 570
479 182 521
747 148 949
317 636 311
893 415 203
104 727 768
73 248 38
698 827 493
367 73 951
291 435 886
725 20 877
294 499 58
815 246 206
764 562 842
74 454 256
277 557 982
45 630 230
82 327 57
574 693 129
524 984 564
410 708 583
286 2 82
344 817 327
550 580 888
391 654 342
646 931 899
628 975 528
858 56 854
914 630 547
43 154 530
607 564 238
190 850 240
271 193 56
597 742 636
485 133 290
826 778 220
725 406 194
253 264 250
107 178 879
653 220 33
182 826 596
420 16 445
659 286 638
714 882 380
350 366 512
639 192 290
859 916 696
52 168 959
301 274 136
180 927 356
212 108 182
808 527 197
252 186 482
890 899 364
269 249 730
781 888 921
70 746 837
765 797 5
724 98 279
859 277 205
215 489 313
396 296 840
592 548 25
74 437 924
438 705 172
167 486 59
88 555 804
925 320 601
929 43 698
208 902 974
412 116 462
724 512 758
563 103 305
588 177 741
511 614 446
682 780 931
741 868 485
545 792 805
145 720 847
842 927 748
816 339 864
277 63 375
34 626 478
338 213 654
79 723 268
524 405 48
454 145 915
939 689 706
743 834 426
590 675 353
338 490 692
201 767 754
576 801 379
54 139 592
708 217 315
975 741 719
22 195 864
937 134 553
642 876 386
68 466 61
420 803 550
111 4 317
865 579 117
244 632 256
835 339 472
149 314 213
868 335 407
732 271 540
285 913 416
670 980 881
730 400 683
280 511 687
596 375 265
713 619 897
968 453 236
440 602 549
652 470 884
59 201 155
598 486 67
13 155 47
894 885 447
577 165 957
263 761 332
528 474 950
424 441 403
660 881 5
208 533 474
92 591 675
246 189 160
313 202 315
359 95 200
805 671 364
762 934 125
93 461 598
42 885 39
445 544 920
449 752 452
922 844 42
597 89 230
757 401 431
71 760 526
271 565 197
634 326 130
759 419 590
357 461 475
395 905 19
315 353 770
766 275 614
808 872 702
38 628 103
469 698 863
994 968 427
191 602 753
320 361 171
910 717 631
384 112 535
403 426 888
173 192 162
786 999 33
487 36 661
590 505 359
452 499 327
879 689 929
631 8 289
801 917 6
432 301 117
966 703 542
854 876 733
16 661 732
49 147 768
709 737 272
67 188 770
393 66 458
321 697 466
610 498 383
615 929 683
731 895 386
273 748 261
6 763 922
738 811 69
505 520 805
777 586 993
546 979 59
4 300 755
469 909 252
851 523 180
534 254 75
920 527 822
181 533 585
102 270 396
170 775 915
975 551 501
967 96 479
25 100 779
780 569 687
32 420 210
211 954 464
285 873 990
107 54 523
691 156 792
87 326 567
1 300 117
501 267 213
980 292 312
758 72 880
445 103 299
655 313 253
118 598 125
108 705 179
630 395 334
422 481 660
988 482 960
104 983 226
317 963 518
628 720 589
508 165 691
807 819 4
59 936 602
184 44 306
363 673 701
697 95 181
356 83 663
315 187 645
541 503 607
59 131 327
647 638 491
338 445 309
341 504 245
943 687 288
248 49 961
948 745 56
129 101 138
791 416 324
436 957 826
42 15 956
369 662 594
859 999 39
168 340 542
413 282 229
701 529 277
661 477 22
717 605 123
854 395 538
178 830 494
3 872 509
959 241 170
553 99 169
591 267 508
133 680 790
361 380 319
638 41 795
659 757 399
782 611 794
320 788 624
813 791 496
322 749 736
491 302 835
660 893 102
167 25 781
957 385 161
275 22 201
70 681 958
468 462 568
262 781 355
886 594 145
381 915 894
116 406 195
951 65 88
52 232 112
833 189 496
993 463 518
193 533 198
151 1 660
718 262 441
72 147 35
216 528 950
110 644 355
305 594 420
392 646 651
503 478 839
999 470 302
516 663 834
714 813 834
373 530 96
814 602 243
848 818 770
797 927 413
151 231 6
571 622 651
222 124 129
61 123 598
362 638 260
196 351 73
30 724 602
125 537 204
367 384 21
137 181 947
549 331 177
555 902 799
206 123 922
334 183 45
931 544 682
191 740 33
264 770 757
866 894 293
69 261 677
89 397 857
35 946 188
212 500 89
10 705 211
932 38 393
976 969 937
658 160 677
690 423 446
446 288 340
739 357 601
415 445 998
272 480 943
459 691 443
548 700 147
758 632 185
151 607 154
88 264 313
764 954 736
210 399 24
549 138 380
150 552 824
147 824 303
89 282 994
532 830 693
678 588 324
863 738 931
16 826 194
329 590 147
64 799 546
88 348 683
467 497 235
291 643 58
594 732 340
587 263 170
279 941 757
603 804 494
534 819 320
727 148 909
874 212 707
420 299 54
103 766 551
338 56 193
395 649 925
735 235 188
904 514 129
661 117 932
154 650 751
474 377 898
382 251 110
88 670 408
142 773 174
692 110 229
885 505 878
810 240 112
997 144 626
126 804 742
57 957 392
808 430 768
705 812 18
815 899 688
223 40 461
396 732 570
624 616 75
502 426 314
613 422 457
239 548 260
981 604 217
372 411 647
139 116 458
157 931 357
845 153 397
306 548 128
875 172 744
950 673 169
263 286 591
719 524 138
979 505 741
195 876 152
842 15 268
299 172 198
655 17 350
51 322 898
179 197 69
922 146 742
90 408 27
681 127 551
818 105 55
559 300 931
711 141 945
978 440 117
176 94 133
525 145 454
423 323 650
491 244 795
233 334 203
260 14 330
810 831 435
865 390 734
796 100 875
741 77 314
857 252 408
990 777 553
443 199 875
93 690 119
888 923 452
91 182 466
420 992 297
854 857 686
588 652 785
462 393 862
776 249 114
184 239 890
736 682 89
611 774 779
729 662 701
181 752 883
646 171 874
942 25 730
627 612 382
412 74 774
273 850 23
386 34 261
276 769 942
365 380 715
143 108 377
844 288 128
726 934 299
599 875 323
329 502 935
710 913 9
483 186 858
505 571 891
765 847 660
707 211 39
422 353 147
798 197 434
925 922 367
224 521 242
546 849 744
481 558 656
489 41 842
347 546 412
238 311 259
897 17 469
936 438 822
82 235 18
516 160 940
883 383 460
125 929 309
868 410 867
524 898 907
365 244 453
777 482 763
35 379 779
503 314 217
324 396 451
341 912 611
281 794 994
740 919 922
48 786 332
915 309 229
821 673 473
273 450 954
36 484 332
814 986 646
31 310 42
482 651 953
92 931 747
85 671 665
7 718 451
338 632 759
567 453 432
40 726 881
994 761 365
326 575 350
971 605 660
13 87 310
965 178 241
712 263 911
376 270 629
826 608 261
585 174 713
16 214 439
897 207 200
261 532 775
611 503 380
270 515 466
580 480 644
820 191 906
730 567 175
359 393 782
619 977 956
331 993 169
770 889 376
970 150 908
744 760 411
124 30 926
589 609 405
232 429 596
138 159 162
312 517 554
94 135 531
50 466 523
218 236 412
594 205 561
501 948 321
911 71 350
836 660 959
241 891 388
837 28 547
998 340 64
552 434 198
83 483 664
606 701 899
17 294 103
578 795 51
898 706 122
248 542 781
207 782 672
594 618 700
141 616 40
204 168 473
401 251 956
65 856 656
964 872 950
66 450 744
117 347 449
239 595 991
20 801 772
692 395 390
392 535 6
431 739 174
904 140 424
859 204 279
515 167 151
464 233 600
208 350 947
657 588 541
647 608 342
419 299 737
809 690 272
814 121 10
988 24 149
411 883 353
690 397 520
840 861 752
439 69 102
386 725 689
927 371 296
269 790 595
5 598 284
277 412 404
287 399 428
436 810 310
788 499 707
308 339 568
59 778 636
160 163 360
849 89 731
145 358 520
739 362 118
22 639 529
426 926 928
853 361 738
163 149 236
869 456 574
436 515 352
72 675 514
431 523 603
161 667 960
681 406 322
799 428 961
327 853 886
255 706 247
992 868 395
228 737 851
802 173 365
153 244 40
667 675 562
269 836 229
229 516 635
550 314 62
511 641 914
396 896 620
642 887 487
37 115 224
888 916 396
253 68 640
292 734 314
854 3 149
83 231 665
717 781 979
778 291 620
692 687 515
311 329 402
798 365 516
21 253 431
417 505 499
56 796 233
370 650 235
518 732 466
182 448 246
160 226 537
779 918 223
294 228 551
695 26 916
211 47 169
642 463 673
140 519 469
372 888 118
607 406 850
72 588 297
318 748 523
854 527 440
77 820 668
628 515 693
544 725 739
712 366 202
384 506 721
853 878 609
970 484 14
819 556 601
116 873 348
639 727 874
78 803 694
745 431 208
438 974 932
177 685 298
378 69 803
99 921 680
707 891 164
720 710 719
321 826 592
669 464 318
543 541 121
236 286 551
444 723 525
376 899 210
673 277 278
476 375 199
156 81 90
319 801 799
38 122 625
629 790 88
946 333 628
67 568 914
617 11 636
141 386 535
350 59 812
628 535 186
827 690 267
916 9 68
715 46 190
339 675 980
426 621 312
54 687 879
967 303 890
603 444 276
137 794 335
948 422 869
134 248 559
401 163 567
469 878 613
658 217 287
637 642 907
949 696 593
828 662 896
717 265 340
993 401 133
328 349 554
197 483 801
755 884 964
321 353 842
933 11 58
220 648 700
126 596 395
719 423 57
614 140 321
953 133 722
85 460 71
639 656 553
440 410 437
403 731 789
245 664 800
302 883 447
1 8 42
396 726 464
452 340 603
773 292 735
494 377 195
564 15 851
117 455 261
553 857 991
342 102 654
141 403 537
587 404 545
629 800 270
92 251 610
695 24 901
430 517 278
625 81 293
475 197 747
735 750 604
725 92 705
379 232 108
915 819 512
459 448 311
729 539 562
339 234 585
240 663 101
517 287 181
810 761 378
556 496 127
160 220 218
864 599 450
972 514 269
483 973 716
793 702 255
354 40 488
938 279 151
39 796 438
220 605 199
597 160 694
723 320 914
941 184 512
391 155 26
660 637 998
375 430 700
630 784 739
118 722 18
268 760 813
705 979 417
904 575 577
597 298 896
510 239 79
22 629 234
48 289 871
45 664 300
745 293 84
483 410 805
500 678 564
313 383 543
730 286 118
306 883 415
202 393 654
281 415 283
514 462 571
384 507 234
683 251 527
766 734 937
571 234 614
134 546 997
677 275 282
794 581 165
209 782 557
862 62 971
144 575 433
715 958 939
948 641 190
475 407 923
411 977 156
25 111 701
21 787 976
303 580 556
467 788 337
24 650 399
995 794 973
427 508 931
365 456 572
555 930 978
477 341 955
632 365 65
333 385 851
308 688 431
864 155 219
201 178 868
599 172 661
571 599 169
502 964 624
73 518 553
50 994 893
4 626 258
69 958 643
920 266 330
350 130 484
569 330 662
436 928 834
97 499 432
265 1000 395
889 72 913
442 122 906
335 126 532
592 194 490
234 113 755
564 463 884
47 31 213
709 467 141
542 564 639
974 829 638
368 717 710
281 158 831
186 493 956
718 84 150
207 318 263
961 881 725
845 928 755
58 637 221
198 178 785
836 152 613
474 520 329
183 800 487
14 986 979
970 703 63
119 909 381
381 870 262
106 715 190
860 772 826
81 970 4
865 806 155
477 279 674
806 462 473
292 475 458
271 444 160
334 563 69
714 944 938
975 49 652
164 909 424
989 989 393
992 854 198
146 331 476
820 136 937
292 428 412
749 698 856
909 31 418
977 745 362
915 719 410
566 883 318
989 871 307
381 863 160
579 9 491
55 828 626
991 120 53
403 868 751
258 777 782
676 754 527
37 668 245
447 233 128
765 222 998
71 603 861
231 181 870
721 235 697
347 226 816
400 628 684
151 886 461
932 561 214
458 598 881
703 44 114
830 808 335
828 879 938
689 109 118
558 830 353
255 176 578
71 575 206
755 725 92
215 657 653
428 115 250
309 818 294
422 648 102
757 475 980
694 163 89
812 721 918
164 975 94
742 46 668
948 800 393
39 14 50
691 442 164
941 750 981
234 171 628
335 928 103
315 621 266
403 432 987
321 596 961
414 337 6
82 284 806
475 322 819
524 13 260
688 953 9
668 186 180
296 521 107
399 836 728
665 238 159
651 559 755
611 973 91
617 54 375
422 529 697
241 52 709
501 739 661
509 407 847
689 703 367
796 101 202
523 766 440
682 416 999
436 27 971
527 644 25
901 66 553
598 306 605
306 806 343
967 315 750
813 4 452
180 799 553
382 321 318
821 3 733
820 438 760
790 965 403
814 866 468
367 463 773
971 769 579
314 735 894
63 547 897
514 727 695
67 108 16
384 928 18
117 747 456
876 537 421
278 351 286
746 717 749
519 688 517
97 1 251
990 63 798
887 577 524
581 643 631
597 27 559
615 144 306
70 19 842
491 297 193
776 42 909
524 560 597
40 657 597
291 647 660
88 533 237
612 114 879
242 710 906
800 325 49
106 395 68
948 885 365
140 660 407
49 184 966
645 224 623
242 514 269
901 602 801
137 213 915
16 454 625
922 254 949
971 359 343
38 306 227
403 446 886
809 494 70
774 138 293
397 380 806
665 280 407
466 417 620
380 433 74
4 354 327
953 324 686
295 362 992
521 764 437
407 572 930
476 346 68
768 743 447
574 407 727
981 873 144
600 253 576
673 257 930
1000 209 254
686 503 616
677 24 380
114 430 951
44 906 297
111 674 39
558 248 446
284 228 319
428 828 571
4 501 827
934 501 36
187 186 538
803 863 562
182 976 992
133 19 897
430 130 571
468 687 818
914 971 46
232 398 873
802 402 374
629 335 874
664 522 59
202 324 922
