431 273 319
84 71 225
843 967 867
747 727 150
103 311 50
568 88 874
159 595 27
853 126 481
96 942 358
669 389 707
759 820 980
77 903 50
302 746 16
168 493 742
318 596 53
367 164 141
241 322 736
267 174 861
747 270 802
105 938 191
811 697 11
790 774 914
840 75 659
856 242 152
598 560 748
650 926 911
790 167 232
526 433 406
386 180 675
188 284 612
379 95 308
389 885 81
302 724 156
961 580 398
112 177 957
860 826 883
770 616 49
1 141 481
406 527 661
81 715 944
692 93 39
1000 481 923
81 782 647
236 742 227
633 854 403
589 713 229
471 483 845
519 483 986
1000 889 512
660 969 226
604 661 318
643 660 799
566 740 581
212 976 322
439 608 176
841 197 889
69 668 371
914 187 854
899 186 743
411 846 711
637 450 372
955 92 32
753 657 772
333 869 747
655 307 354
831 147 551
719 216 218
90 129 404
943 28 590
685 438 435
396 74 884
767 29 975
799 781 631
570 114 499
316 768 805
670 598 952
220 317 168
438 406 297
841 349 324
430 34 762
864 429 836
748 196 864
722 994 644
353 563 757
852 879 525
657 548 123
608 768 439
776 205 845
72 45 194
396 475 227
157 339 656
992 86 851
855 808 845
499 161 407
255 12 286
780 668 833
902 276 600
341 51 805
186 123 850
379 518 324
606 674 663
261 666 749
112 520 556
956 19 717
363 274 728
648 53 396
480 954 671
80 295 722
885 481 845
734 859 362
58 465 36
721 725 702
469 836 222
25 791 240
741 153 513
469 801 565
864 281 519
535 361 814
256 245 294
101 979 153
463 37 617
498 757 341
200 226 176
421 250 967
660 991 120
172 459 920
737 323 200
256 857 560
69 113 805
362 213 783
514 675 819
130 173 576
471 372 801
647 792 51
613 452 41
733 624 500
652 360 822
852 616 678
412 684 790
216 46 2
999 559 676
818 689 848
393 159 219
193 806 11
243 418 462
284 150 85
783 802 445
604 654 60
282 65 744
71 281 789
73 279 348
748 96 37
596 489 195
815 682 1000
826 924 418
287 208 568
372 990 370
817 594 23
876 875 88
620 946 368
408 18 647
756 766 743
792 362 231
986 176 913
986 1 837
404 288 44
972 659 34
341 476 627
364 351 502
451 970 447
819 378 464
466 133 230
208 924 591
439 910 766
351 896 767
187 300 55
231 271 714
264 611 189
890 974 540
391 425 510
838 243 887
302 708 20
531 916 943
121 354 853
887 705 749
653 892 48
707 122 318
421 385 928
609 275 902
148 665 326
657 503 569
544 804 276
563 334 192
506 454 545
359 340 250
107 993 141
154 700 263
471 120 647
399 729 921
301 876 586
626 532 88
195 76 891
471 638 225
662 144 678
207 502 18
456 608 11
597 761 710
859 232 830
506 631 558
426 931 434
12 557 966
100 751 41
990 221 678
214 883 822
892 89 323
910 545 931
920 141 691
630 1000 923
460 505 553
18 931 484
451 942 40
416 41 791
456 31 11
134 245 894
955 137 982
277 46 526
208 966 667
898 596 666
821 55 171
374 72 101
857 522 42
897 938 83
687 393 114
698 526 358
591 481 494
572 758 540
98 965 506
764 863 101
430 683 156
600 57 227
700 913 749
742 809 686
825 496 78
938 193 604
295 783 84
789 355 842
329 453 806
834 217 668
934 646 351
89 246 407
316 946 320
64 687 129
750 512 624
828 449 816
432 744 599
516 532 953
357 860 405
162 693 622
830 627 267
181 716 512
587 31 458
907 95 144
35 844 655
659 672 104
475 103 847
73 618 378
26 975 238
430 136 931
51 966 558
318 146 273
830 733 303
287 640 398
431 675 241
86 333 913
189 807 15
35 879 633
413 904 607
650 334 743
581 385 709
138 703 854
410 533 587
713 819 226
110 250 900
351 335 233
263 523 40
278 558 918
910 970 822
517 620 156
259 200 541
967 338 243
821 748 776
407 461 594
633 570 844
533 921 178
766 184 701
805 461 258
723 371 227
544 887 846
700 146 46
240 112 383
