431 273 319
84 71 225
843 967 867
747 727 150
103 311 50
568 88 874
159 595 27
853 126 481
96 942 358
669 389 707
759 820 980
77 903 50
302 746 16
168 493 742
318 596 53
367 164 141
241 322 736
267 174 861
747 270 802
105 938 191
811 697 11
790 774 914
840 75 659
856 242 152
598 560 748
650 926 911
790 167 232
526 433 406
386 180 675
188 284 612
379 95 308
389 885 81
302 724 156
961 580 398
112 177 957
860 826 883
770 616 49
1 141 481
406 527 661
81 715 944
692 93 39
1000 481 923
81 782 647
236 742 227
633 854 403
589 713 229
471 483 845
519 483 986
1000 889 512
660 969 226
604 661 318
643 660 799
566 740 581
212 976 322
439 608 176
841 197 889
69 668 371
914 187 854
899 186 743
411 846 711
637 450 372
955 92 32
753 657 772
333 869 747
655 307 354
831 147 551
719 216 218
90 129 404
943 28 590
685 438 435
396 74 884
767 29 975
799 781 631
570 114 499
316 768 805
670 598 952
220 317 168
438 406 297
841 349 324
430 34 762
864 429 836
748 196 864
722 994 644
353 563 757
852 879 525
657 548 123
608 768 439
776 205 845
72 45 194
396 475 227
157 339 656
992 86 851
855 808 845
499 161 407
255 12 286
780 668 833
902 276 600
341 51 805
186 123 850
379 518 324
