431 273 319
84 71 225
843 967 867
747 727 150
103 311 50
568 88 874
159 595 27
853 126 481
96 942 358
669 389 707
759 820 980
77 903 50
302 746 16
168 493 742
318 596 53
367 164 141
241 322 736
267 174 861
747 270 802
105 938 191
811 697 11
790 774 914
840 75 659
856 242 152
598 560 748
650 926 911
790 167 232
526 433 406
386 180 675
188 284 612
379 95 308
389 885 81
302 724 156
961 580 398
112 177 957
860 826 883
770 616 49
1 141 481
406 527 661
81 715 944
692 93 39
1000 481 923
81 782 647
236 742 227
633 854 403
589 713 229
471 483 845
519 483 986
1000 889 512
660 969 226
604 661 318
643 660 799
566 740 581
212 976 322
439 608 176
841 197 889
69 668 371
914 187 854
899 186 743
411 846 711
637 450 372
955 92 32
753 657 772
333 869 747
655 307 354
831 147 551
719 216 218
90 129 404
943 28 590
685 438 435
396 74 884
767 29 975
799 781 631
570 114 499
316 768 805
670 598 952
220 317 168
438 406 297
841 349 324
430 34 762
864 429 836
748 196 864
722 994 644
353 563 757
852 879 525
657 548 123
608 768 439
776 205 845
72 45 194
396 475 227
157 339 656
992 86 851
855 808 845
499 161 407
255 12 286
780 668 833
902 276 600
341 51 805
186 123 850
379 518 324
606 674 663
261 666 749
112 520 556
956 19 717
363 274 728
648 53 396
480 954 671
80 295 722
885 481 845
734 859 362
58 465 36
721 725 702
469 836 222
25 791 240
741 153 513
469 801 565
864 281 519
535 361 814
256 245 294
101 979 153
463 37 617
498 757 341
200 226 176
421 250 967
660 991 120
172 459 920
737 323 200
256 857 560
69 113 805
362 213 783
514 675 819
130 173 576
471 372 801
647 792 51
613 452 41
733 624 500
652 360 822
852 616 678
412 684 790
216 46 2
999 559 676
818 689 848
393 159 219
193 806 11
243 418 462
284 150 85
783 802 445
604 654 60
282 65 744
71 281 789
73 279 348
748 96 37
596 489 195
815 682 1000
826 924 418
287 208 568
372 990 370
817 594 23
876 875 88
620 946 368
408 18 647
756 766 743
792 362 231
986 176 913
986 1 837
404 288 44
972 659 34
341 476 627
364 351 502
451 970 447
819 378 464
466 133 230
208 924 591
439 910 766
351 896 767
187 300 55
231 271 714
264 611 189
890 974 540
391 425 510
838 243 887
302 708 20
531 916 943
121 354 853
887 705 749
653 892 48
707 122 318
421 385 928
609 275 902
148 665 326
657 503 569
544 804 276
563 334 192
506 454 545
359 340 250
107 993 141
154 700 263
471 120 647
399 729 921
301 876 586
626 532 88
195 76 891
471 638 225
662 144 678
207 502 18
456 608 11
597 761 710
859 232 830
506 631 558
426 931 434
12 557 966
100 751 41
990 221 678
214 883 822
892 89 323
910 545 931
920 141 691
630 1000 923
460 505 553
18 931 484
451 942 40
416 41 791
456 31 11
134 245 894
955 137 982
277 46 526
208 966 667
898 596 666
821 55 171
374 72 101
857 522 42
897 938 83
687 393 114
698 526 358
591 481 494
572 758 540
98 965 506
764 863 101
430 683 156
600 57 227
700 913 749
742 809 686
825 496 78
938 193 604
295 783 84
789 355 842
329 453 806
834 217 668
934 646 351
89 246 407
316 946 320
64 687 129
750 512 624
828 449 816
432 744 599
516 532 953
357 860 405
162 693 622
830 627 267
181 716 512
587 31 458
907 95 144
35 844 655
659 672 104
475 103 847
73 618 378
26 975 238
430 136 931
51 966 558
318 146 273
830 733 303
287 640 398
431 675 241
86 333 913
189 807 15
35 879 633
413 904 607
650 334 743
581 385 709
138 703 854
410 533 587
713 819 226
110 250 900
351 335 233
263 523 40
278 558 918
910 970 822
517 620 156
259 200 541
967 338 243
821 748 776
407 461 594
633 570 844
533 921 178
766 184 701
805 461 258
723 371 227
544 887 846
700 146 46
240 112 383
483 933 131
258 340 591
852 972 161
695 505 81
872 270 264
573 74 725
830 796 95
56 340 982
902 39 127
947 279 239
330 762 171
460 20 510
50 871 482
210 566 986
291 438 255
555 10 329
279 839 124
374 894 463
356 796 502
482 742 781
721 71 542
891 530 561
401 580 432
882 790 997
868 80 434
122 634 444
450 913 282
574 286 176
37 641 971
538 123 712
318 843 783
860 734 313
421 135 892
852 16 681
849 883 761
283 5 394
726 455 306
7 28 592
183 65 233
153 602 356
865 920 198
648 780 932
960 200 66
852 52 82
533 900 965
293 182 970
687 907 424
993 914 452
584 96 516
817 249 118
172 114 38
370 761 817
301 721 17
367 572 68
449 105 967
413 398 149
382 84 55
806 76 969
258 660 65
773 476 314
891 647 427
928 17 188
745 317 908
761 684 480
829 133 585
795 546 982
943 928 65
998 733 141
967 990 801
31 763 276
344 653 923
771 580 939
958 325 256
865 85 940
345 913 72
929 708 617
910 651 544
975 649 277
116 615 266
916 646 28
192 989 681
114 759 261
53 717 585
308 582 670
248 926 582
319 855 290
936 765 941
479 739 589
755 855 204
21 770 849
48 961 837
729 75 596
989 127 312
573 435 893
242 682 819
824 1000 673
114 935 437
54 414 176
642 168 30
845 189 800
694 237 760
530 965 835
126 953 961
437 525 395
330 767 76
148 591 76
821 704 11
258 757 424
433 399 592
463 244 780
262 937 16
22 467 981
856 592 933
816 29 458
211 359 224
287 506 814
363 327 518
373 584 274
797 16 673
389 479 916
169 740 853
184 762 319
164 617 910
97 433 939
554 644 297
778 930 803
592 292 129
109 665 713
383 461 729
55 850 207
971 18 947
823 202 708
141 366 324
51 462 757
990 16 400
286 794 330
89 385 621
218 494 286
930 876 747
658 931 596
865 901 613
811 724 814
518 865 179
842 916 641
598 905 656
998 191 449
327 279 834
948 497 327
233 426 203
979 84 133
575 948 34
187 759 758
1 276 622
179 118 537
819 716 441
475 713 632
924 39 910
757 987 407
84 219 832
286 198 916
419 772 864
453 959 622
210 959 898
831 138 16
368 957 731
808 431 444
439 354 483
349 111 469
755 194 688
587 480 885
503 899 657
366 351 615
988 561 574
886 392 711
901 759 667
632 566 98
75 5 452
557 354 562
26 109 756
713 695 235
598 197 134
254 563 484
869 551 44
442 437 436
153 337 194
819 969 760
917 44 765
368 601 118
930 626 226
685 338 921
920 935 117
53 189 680
536 57 230
580 499 666
16 651 3
209 470 972
968 386 15
732 754 615
849 683 241
75 367 578
995 287 513
112 339 702
792 875 759
21 455 257
687 470 908
690 678 378
662 646 763
676 377 517
291 226 199
531 301 566
109 295 852
622 407 191
323 198 65
81 219 520
338 906 989
246 595 667
623 256 312
385 932 689
902 223 915
100 753 215
666 861 510
518 483 916
708 805 113
773 886 332
292 223 237
281 468 832
948 90 88
260 475 20
948 376 242
862 476 994
77 141 855
586 658 338
501 366 142
614 138 27
945 430 250
182 711 718
14 658 808
101 917 283
121 865 658
362 727 134
356 803 275
211 388 932
548 889 298
690 502 436
717 447 866
966 629 576
684 642 234
491 743 151
773 863 15
431 225 741
564 580 544
839 791 931
770 338 819
68 27 321
504 743 768
369 709 396
944 392 38
178 883 781
328 656 643
342 87 868
83 651 447
626 489 237
557 259 575
376 326 602
697 829 345
464 198 53
860 141 445
897 319 328
678 646 983
320 988 70
188 70 720
634 696 208
871 253 466
446 628 792
47 324 621
391 788 818
444 647 959
889 544 277
216 221 922
199 541 909
268 728 979
987 362 675
195 233 927
661 678 554
452 725 878
73 116 665
890 560 311
849 448 855
125 663 75
47 862 616
956 129 343
935 116 704
609 310 937
535 971 614
89 423 339
966 495 455
631 385 14
942 233 461
796 357 124
871 404 985
486 359 114
828 293 229
532 902 539
468 436 509
82 525 931
421 490 426
875 121 810
888 62 42
349 857 399
473 727 802
457 213 161
571 41 454
800 572 355
338 40 791
847 122 315
778 542 805
203 417 925
12 305 986
54 653 843
452 125 570
254 582 782
415 152 822
868 951 394
223 289 434
13 136 555
328 913 97
133 116 513
58 128 818
44 181 470
886 633 595
456 887 176
238 301 328
59 169 279
453 391 568
886 404 703
441 732 616
538 865 731
51 922 859
868 965 39
337 851 672
931 307 559
107 544 859
434 603 28
713 55 418
280 941 822
982 382 554
598 919 418
328 969 340
187 836 305
225 173 155
897 104 462
455 211 5
314 645 607
341 357 662
759 636 603
581 618 984
134 215 902
552 543 871
891 729 707
195 954 879
350 850 983
811 305 193
815 618 837
422 958 193
84 717 829
687 297 446
670 431 661
572 982 203
443 872 932
149 67 885
28 416 735
10 226 39
203 41 657
39 463 615
232 547 331
60 233 628
506 903 58
166 475 40
369 917 911
300 66 978
185 93 393
919 103 619
958 306 660
615 344 122
229 576 668
560 636 901
188 141 804
245 307 278
284 676 195
195 975 260
172 160 353
565 79 456
183 36 761
842 651 105
964 879 681
632 439 316
533 626 457
336 871 764
613 155 439
808 350 414
67 522 573
420 86 651
876 269 687
636 111 337
741 75 216
421 706 655
737 238 280
194 574 151
957 186 305
396 993 654
809 60 175
381 480 261
32 355 530
718 991 640
55 731 714
271 152 420
925 889 658
205 82 231
355 39 416
660 434 409
314 242 469
489 623 948
749 654 303
279 372 293
918 426 24
632 696 175
51 621 64
709 825 145
939 180 183
355 839 616
764 152 858
232 641 480
180 389 133
482 668 505
774 585 930
797 217 626
972 268 247
36 976 71
180 914 250
363 268 89
979 32 241
836 263 881
316 442 270
449 923 937
953 697 522
883 494 738
509 466 5
755 501 980
825 681 894
75 44 162
163 22 193
403 858 456
284 173 897
553 621 820
489 574 517
10 456 10
747 964 476
752 718 976
732 543 657
625 617 700
787 779 721
979 182 579
435 465 751
331 17 372
151 506 945
667 516 401
677 262 364
152 14 82
127 745 624
784 370 240
483 156 19
203 135 201
781 569 666
532 900 682
904 50 188
848 717 703
249 393 965
612 544 978
694 671 723
317 454 92
557 936 248
575 139 382
776 920 951
441 451 851
123 354 900
310 202 617
13 450 9
977 62 553
954 755 223
676 72 677
768 628 613
15 202 751
397 978 670
348 418 121
198 540 475
98 849 677
714 861 127
723 838 188
275 792 943
498 468 14
174 235 641
786 250 843
537 646 820
207 994 237
328 191 777
802 289 626
479 2 487
605 724 324
793 999 115
735 496 582
749 670 817
390 455 66
233 992 712
52 199 705
289 526 896
66 328 184
691 806 185
177 410 909
500 203 907
615 937 403
197 686 72
13 75 527
79 307 518
791 359 716
495 648 242
390 714 569
573 404 374
758 580 784
667 80 986
574 695 923
976 891 609
48 904 683
574 983 990
92 773 349
808 268 997
49 657 711
617 230 114
991 988 694
775 654 774
761 228 468
683 204 359
291 251 263
974 824 245
964 915 18
313 723 285
310 771 941
20 388 171
133 379 158
827 153 812
600 913 39
68 596 242
426 886 492
688 860 316
933 823 231
950 136 953
234 445 724
175 464 111
345 597 489
503 423 642
314 23 554
353 90 150
594 516 35
86 204 895
402 136 718
632 86 853
585 320 298
308 494 761
419 839 358
908 342 781
549 655 803
103 8 893
252 601 409
287 687 612
181 89 748
899 721 834
751 305 153
48 613 647
809 32 486
167 939 827
947 488 481
750 591 489
642 843 89
51 130 776
662 311 864
410 209 584
243 960 889
395 7 502
42 816 533
527 982 472
353 928 960
834 678 551
322 319 393
411 370 523
187 31 833
51 440 42
634 683 1
523 77 8
25 119 823
557 645 804
29 998 732
988 831 409
539 153 728
932 563 97
454 750 128
287 800 568
328 434 250
328 956 327
335 980 445
157 537 89
961 566 87
693 554 917
101 92 70
829 23 633
926 476 382
53 762 181
620 90 614
869 417 570
195 752 550
639 909 86
728 869 651
814 561 204
731 662 296
800 490 318
432 416 794
813 468 556
994 87 645
607 956 62
176 150 813
725 789 721
811 517 590
462 330 150
666 61 812
961 861 302
279 293 717
72 106 184
627 99 271
272 706 226
333 881 376
145 606 164
866 417 680
455 878 10
604 543 70
416 504 931
717 782 223
433 854 328
617 480 427
887 752 132
113 84 12
488 229 618
651 94 34
331 548 912
340 152 455
410 567 958
340 283 740
563 716 593
890 333 73
316 219 824
448 331 907
459 819 135
77 469 228
110 799 776
21 139 927
475 548 493
433 888 776
172 450 491
764 340 823
837 656 42
660 103 373
566 562 191
701 638 660
929 748 458
704 769 597
630 244 144
123 676 31
898 848 481
389 612 820
212 448 475
254 107 577
626 673 138
817 374 775
477 302 522
934 6 291
531 636 534
674 759 210
705 656 57
185 45 669
4 256 116
478 510 223
55 136 895
192 952 268
967 428 570
489 362 576
779 892 212
313 566 970
522 270 625
579 455 670
247 459 925
363 936 434
585 991 570
479 182 521
